name,totalCommits,reachableCommits,mainBranchReachableCommits,mergeCommits,filesInTree,uniqueAuthorsInRepo,avgFullHistoryLength,avgLinearHistoryLength,filesWithDifferentHistories,avgFullHistoryLengthForFilesWithDifferentHistories,avgLinearHistoryLengthForFilesWithDifferentHistories,avgAuthorsPerFileFullHistory,avgAuthorsPerFileLinearHistory,avgAuthorsPerFileFullHistoryForFilesWithDifference,avgAuthorsPerFileLinearHistoryForFilesWithDifference
couchdb-nmo,93,90,90,0,82,5,4.109756097560975,4.109756097560975,0,0.0,0.0,1.451219512195122,1.451219512195122,NaN,NaN
iampoc,3,3,3,0,154,1,1.3051948051948052,1.3051948051948052,0,0.0,0.0,1.0,1.0,NaN,NaN
cassandra-builds,74,74,74,0,25,7,4.08,4.08,0,0.0,0.0,1.52,1.52,NaN,NaN
incubator-taverna-common-activities,991,849,117,31,291,18,6.103092783505154,2.6666666666666665,98,14.755102040816327,4.551020408163265,1.9725085910652922,1.3058419243986255,3.5714285714285716,1.5918367346938775
wink-website,133,117,117,0,12656,8,1.2861093552465235,1.2861093552465235,0,0.0,0.0,1.0000790139064475,1.0000790139064475,NaN,NaN
couchdb-ci,91,91,87,1,181,7,5.790055248618785,5.790055248618785,0,0.0,0.0,1.8121546961325967,1.8121546961325967,NaN,NaN
commons-testing,20,20,20,0,49,2,1.7346938775510203,1.7346938775510203,0,0.0,0.0,1.3061224489795917,1.3061224489795917,NaN,NaN
activemq-web,3,1,1,0,1523,2,1.0,1.0,0,0.0,0.0,1.0,1.0,NaN,NaN
activemq-nms-zmq,24,21,21,0,36,3,3.361111111111111,3.361111111111111,0,0.0,0.0,1.0833333333333333,1.0833333333333333,NaN,NaN
guacamole-website,223,179,78,56,10834,5,1.139468340409821,1.1275613808381022,44,4.9772727272727275,2.0454545454545454,1.0,1.0,1.0,1.0
usergrid-dotnet,2,2,2,0,193,1,1.005181347150259,1.005181347150259,0,0.0,0.0,1.0,1.0,NaN,NaN
couchdb-rebar,1783,1781,1281,303,310,202,8.493548387096775,6.151612903225806,120,19.7,13.65,3.129032258064516,2.329032258064516,6.15,4.083333333333333
commons-math,7143,6366,5932,72,1484,56,8.809299191374663,8.328167115902964,223,21.582959641255606,18.381165919282513,3.82277628032345,3.6960916442048517,5.8923766816143495,5.04932735426009
incubator-optiq-csv,70,70,69,1,38,5,4.368421052631579,4.315789473684211,2,11.0,10.0,1.394736842105263,1.3421052631578947,4.0,3.0
clerezza,2404,2227,2107,28,316,19,10.063291139240507,9.778481012658228,38,31.68421052631579,29.31578947368421,1.6012658227848102,1.5727848101265822,2.473684210526316,2.236842105263158
incubator-gobblin,4944,4898,1914,1416,3324,134,7.351684717208183,2.5869434416365826,2506,9.07781324820431,2.757781324820431,3.3471720818291217,1.6209386281588447,3.963687150837989,1.6739824421388667
incubator-taverna-maven-parent,257,257,252,4,9,13,29.666666666666668,29.11111111111111,2,119.5,117.0,3.2222222222222223,2.7777777777777777,8.5,6.5
couchdb-admin,130,130,124,2,45,9,4.2,4.111111111111111,3,8.0,6.666666666666667,1.3555555555555556,1.3555555555555556,2.6666666666666665,2.6666666666666665
usergrid-javascript,2,2,2,0,52,1,1.0192307692307692,1.0192307692307692,0,0.0,0.0,1.0,1.0,NaN,NaN
reef,3899,3831,1281,752,3934,95,5.396288764616167,5.013218098627351,131,23.9618320610687,12.458015267175572,3.610320284697509,3.5589730554143366,8.572519083969466,7.030534351145038
logging-log4j-audit,29,29,28,1,456,4,1.9078947368421053,1.9035087719298245,2,3.5,2.5,1.5021929824561404,1.4978070175438596,2.5,1.5
allura,12422,9033,8473,143,1601,99,14.425359150530918,13.587133041848844,334,48.119760479041915,44.10179640718563,4.48844472204872,4.3991255465334165,10.709580838323353,10.281437125748504
crunch,1207,1051,890,76,884,70,5.1900452488687785,4.950226244343892,71,14.32394366197183,11.338028169014084,2.6425339366515836,2.580316742081448,5.084507042253521,4.309859154929577
incubator-tamaya-sandbox,421,406,255,7,371,10,3.0646900269541777,2.660377358490566,46,10.521739130434783,7.260869565217392,1.2641509433962264,1.2345013477088949,2.130434782608696,1.891304347826087
tinkerpop,13548,13366,6410,2352,4546,114,7.836999560052794,3.880334359876815,1546,20.439844760672703,8.805304010349289,1.7162340519137704,1.3455785305763308,3.01228978007762,1.9223803363518759
mesos-site,1108,275,275,0,4459,17,5.428795694101817,5.428795694101817,0,0.0,0.0,4.221798609553711,4.221798609553711,NaN,NaN
incubator-optiq-linq4j,206,205,192,12,173,10,7.3526011560693645,7.1502890173410405,31,18.032258064516128,16.903225806451612,1.3988439306358382,1.3583815028901733,1.7741935483870968,1.5483870967741935
thrift,5334,5261,5201,26,2459,284,7.500610004066694,7.456689711264742,87,31.50574712643678,30.264367816091955,3.241968279788532,3.228548190321269,8.494252873563218,8.114942528735632
olingo-odata4-js,149,149,148,1,126,6,9.507936507936508,9.507936507936508,0,0.0,0.0,2.2777777777777777,2.2777777777777777,NaN,NaN
rave,1731,1555,1258,31,1080,29,9.48611111111111,6.731481481481482,535,15.312149532710281,9.751401869158878,3.1212962962962965,2.7083333333333335,4.265420560747663,3.4317757009345793
incubator-toree,1092,1047,757,93,501,97,8.838323353293413,6.073852295409182,339,11.026548672566372,6.941002949852507,4.896207584830339,3.4770459081836327,5.887905604719764,3.7905604719764012
couchdb-rexi,124,124,105,6,13,9,11.846153846153847,10.23076923076923,7,19.571428571428573,16.571428571428573,3.5384615384615383,3.3846153846153846,4.714285714285714,4.428571428571429
incubator-cotton,56,56,32,14,79,3,2.9746835443037973,1.8101265822784811,28,5.25,1.9642857142857142,1.0,1.0,1.0,1.0
guacamole-manual,667,667,373,154,188,11,6.712765957446808,4.696808510638298,51,15.098039215686274,7.666666666666667,1.675531914893617,1.452127659574468,2.450980392156863,1.6274509803921569
buildr,4279,4279,2788,21,271,25,31.59409594095941,21.69741697416974,184,44.34239130434783,29.766304347826086,4.1033210332103325,3.96309963099631,5.184782608695652,4.978260869565218
servicemix-specs,337,337,332,5,316,22,9.75,9.718354430379748,9,64.0,62.888888888888886,1.7911392405063291,1.7784810126582278,6.333333333333333,5.888888888888889
calcite-avatica-go,82,82,82,0,32,4,7.71875,7.71875,0,0.0,0.0,1.875,1.875,NaN,NaN
incubator-milagro-tls,3,3,2,1,690,1,1.0043478260869565,1.0043478260869565,0,0.0,0.0,1.0,1.0,NaN,NaN
apache-website-template,31,31,31,0,77,4,2.3896103896103895,2.3896103896103895,0,0.0,0.0,1.896103896103896,1.896103896103896,NaN,NaN
activemq-cli-tools,43,38,38,0,33,2,3.757575757575758,3.757575757575758,0,0.0,0.0,1.1818181818181819,1.1818181818181819,NaN,NaN
qpid-jms,1936,1929,1922,7,744,14,8.361559139784946,8.352150537634408,7,66.14285714285714,65.14285714285714,1.5887096774193548,1.5806451612903225,3.857142857142857,3.0
couchdb-twig,35,35,33,2,11,6,4.909090909090909,4.909090909090909,0,0.0,0.0,1.9090909090909092,1.9090909090909092,NaN,NaN
couchdb-cassim,49,48,41,4,12,7,5.25,4.583333333333333,3,13.0,10.333333333333334,2.4166666666666665,2.4166666666666665,5.0,5.0
ant-easyant-core,415,415,414,1,309,9,5.184466019417476,5.184466019417476,0,0.0,0.0,1.6601941747572815,1.6601941747572815,NaN,NaN
phoenix,9020,2413,2197,63,1992,103,8.187751004016064,6.690763052208835,816,14.738970588235293,11.084558823529411,3.8293172690763053,3.4026104417670684,5.870098039215686,4.828431372549019
groovy-release,10,10,10,0,12,1,2.0,2.0,0,0.0,0.0,1.0,1.0,NaN,NaN
james-jspf,718,681,640,1,145,8,3.6551724137931036,3.606896551724138,3,43.666666666666664,41.333333333333336,1.717241379310345,1.710344827586207,3.6666666666666665,3.3333333333333335
couchdb-ets-lru,25,25,23,2,7,10,4.0,3.857142857142857,1,4.0,3.0,2.4285714285714284,2.2857142857142856,3.0,2.0
james-mime4j,943,798,770,7,819,19,3.6617826617826617,3.1294261294261294,293,6.610921501706485,5.122866894197952,1.8705738705738706,1.586080586080586,2.962457337883959,2.167235494880546
incubator-edgent-website,331,294,98,62,7194,18,1.5770086182930219,1.529051987767584,79,6.582278481012659,2.2151898734177213,1.2221295524047817,1.205865999443981,2.8354430379746836,1.3544303797468353
lucenenet,5756,4695,4096,98,4511,61,7.621591664819331,6.420749279538905,1878,11.89084132055378,9.006389776357828,1.930835734870317,1.770560851252494,2.4313099041533546,2.0463258785942493
couchdb-setup,68,64,52,5,13,11,7.0,6.0,3,21.0,16.666666666666668,2.8461538461538463,2.5384615384615383,6.0,4.666666666666667
incubator-milagro-mfa-sdk-core,43,43,24,18,2110,4,1.2327014218009478,1.004265402843602,431,2.1299303944315544,1.011600928074246,1.014218009478673,1.000947867298578,1.0672853828306264,1.0023201856148491
spark,31219,21693,16634,1625,14515,1770,6.175887013434378,5.740268687564589,679,31.33284241531664,22.02061855670103,3.4452635204960385,3.310299689975887,15.91899852724595,13.033873343151694
incubator-taverna-engine,2256,2254,181,58,808,21,6.071782178217822,2.472772277227723,273,15.739926739926739,5.087912087912088,2.2264851485148514,1.2512376237623761,4.465201465201465,1.5787545787545787
couchdb-ioq,16,16,10,4,5,5,3.4,2.4,2,7.0,4.5,2.0,1.6,3.5,2.5
qpid-site,278,278,278,0,86601,13,1.1998475768178196,1.1998475768178196,0,0.0,0.0,1.1111419036731678,1.1111419036731678,NaN,NaN
infrastructure-mergebot-test,28,28,11,8,2,4,10.0,2.0,2,10.0,2.0,2.0,2.0,2.0,2.0
creadur-site,18,2,2,0,1,2,1.0,1.0,0,0.0,0.0,1.0,1.0,NaN,NaN
couchdb-oauth,130,129,114,4,7,15,10.714285714285714,10.571428571428571,1,35.0,34.0,2.5714285714285716,2.4285714285714284,7.0,6.0
activemq-stomp,16,16,16,0,16,3,2.0625,2.0625,0,0.0,0.0,1.1875,1.1875,NaN,NaN
curator,2810,2460,1384,393,746,101,8.077747989276139,5.8002680965147455,249,18.313253012048193,11.48995983935743,2.1327077747989276,1.7975871313672922,3.321285140562249,2.317269076305221
incubator-samoa,136,106,97,2,408,19,1.838235294117647,1.7622549019607843,13,10.538461538461538,8.153846153846153,1.2892156862745099,1.2598039215686274,3.3076923076923075,2.3846153846153846
logging-chainsaw,1017,1010,1010,0,325,13,10.47076923076923,10.47076923076923,0,0.0,0.0,3.0707692307692307,3.0707692307692307,NaN,NaN
incubator-rya,439,420,405,14,1708,37,4.13056206088993,4.015222482435597,130,11.146153846153846,9.63076923076923,2.4139344262295084,2.386416861826698,5.661538461538462,5.3
incubator-tamaya-extensions,1487,1473,1354,30,551,15,5.938294010889292,5.571687840290381,75,20.16,17.466666666666665,1.749546279491833,1.7241379310344827,3.3333333333333335,3.1466666666666665
drill,4047,2996,2969,4,4191,164,6.4614650441422095,6.4538296349319975,15,37.93333333333333,35.8,3.521593891672632,3.5199236459078977,10.333333333333334,9.866666666666667
ant-easyant-buildtypes,40,40,40,0,59,4,3.7796610169491527,3.7796610169491527,0,0.0,0.0,1.3220338983050848,1.3220338983050848,NaN,NaN
incubator-senssoft-useralejs,109,53,48,3,33,9,3.878787878787879,3.757575757575758,4,9.75,8.75,2.787878787878788,2.757575757575758,5.75,5.5
olingo-odata4,1764,1718,1206,175,2218,35,8.037871956717764,5.753832281334535,1332,11.834834834834835,8.031531531531531,3.488728584310189,2.89224526600541,4.646396396396397,3.6531531531531534
incubator-tephra,457,378,257,100,430,30,4.948837209302326,4.051162790697674,96,15.604166666666666,11.583333333333334,1.9348837209302325,1.7511627906976743,3.96875,3.1458333333333335
qpid-broker-j,9069,8494,8454,8,3284,42,9.35688185140073,9.252436053593179,102,54.72549019607843,51.36274509803921,2.680572472594397,2.6760048721071863,4.754901960784314,4.607843137254902
incubator-taverna-plugin-component,217,217,48,7,223,12,8.533632286995516,3.2556053811659194,210,8.91904761904762,3.3142857142857145,3.408071748878924,1.6143497757847534,3.5238095238095237,1.619047619047619
incubator-taverna-workbench,2517,2517,164,30,1248,15,5.809294871794871,3.5881410256410255,416,11.096153846153847,4.4326923076923075,2.735576923076923,1.892628205128205,4.420673076923077,1.8918269230769231
incubator-griffin,299,289,219,37,578,20,4.342560553633218,2.737024221453287,275,7.130909090909091,3.7563636363636363,2.209342560553633,1.5830449826989619,3.28,1.9636363636363636
syncope,7415,5764,4658,687,3716,38,7.5976856835306785,6.898546824542519,806,18.10421836228288,14.88089330024814,1.6805705059203444,1.6267491926803015,2.3089330024813894,2.0607940446650126
incubator-openaz,72,66,45,4,2742,9,4.417578409919766,4.416484318016047,3,5.0,4.0,2.3442742523705324,2.3442742523705324,3.0,3.0
activemq-protobuf,53,53,53,0,60,3,3.5833333333333335,3.5833333333333335,0,0.0,0.0,1.1333333333333333,1.1333333333333333,NaN,NaN
predictionio-sdk-swift,39,35,35,0,113,1,1.415929203539823,1.415929203539823,0,0.0,0.0,1.0,1.0,NaN,NaN
commons-lang,5446,5176,4940,68,392,143,27.821428571428573,26.744897959183675,109,57.93577981651376,54.06422018348624,7.076530612244898,6.747448979591836,10.935779816513762,9.752293577981652
aries-jax-rs-whiteboard,279,270,270,0,93,8,7.139784946236559,7.139784946236559,0,0.0,0.0,1.8064516129032258,1.8064516129032258,NaN,NaN
usergrid-android,2,2,2,0,102,1,1.0098039215686274,1.0098039215686274,0,0.0,0.0,1.0,1.0,NaN,NaN
aurora,4003,4003,4003,0,1523,155,10.846355876559421,10.846355876559421,0,0.0,0.0,4.4471437951411685,4.4471437951411685,NaN,NaN
incubator-spot,752,644,351,79,394,49,5.713197969543147,4.111675126903553,180,8.766666666666667,5.261111111111111,3.065989847715736,2.738578680203046,4.122222222222222,3.4055555555555554
metamodel,606,583,408,46,926,41,6.033477321814255,4.053995680345572,441,10.263038548752835,6.106575963718821,2.070194384449244,1.4989200863930885,2.891156462585034,1.691609977324263
couchdb-couch-mrview,294,246,175,27,27,36,13.148148148148149,9.481481481481481,17,18.470588235294116,12.647058823529411,6.0,4.703703703703703,7.823529411764706,5.764705882352941
trafodion,6233,6153,1154,2459,7753,187,5.527279762672514,1.9186121501354314,7397,5.731783155333243,1.9494389617412464,3.422546111182768,1.8080742938217464,3.538191158577802,1.8460186562119778
olingo-odata2,895,851,602,49,1251,33,7.6730615507593924,6.639488409272582,373,14.659517426273458,11.193029490616622,3.2222222222222223,3.0679456434852117,4.150134048257373,3.6327077747989276
couchdb-www,431,1,1,0,1,37,1.0,1.0,0,0.0,0.0,1.0,1.0,NaN,NaN
calcite-avatica,2493,2489,2191,30,372,150,9.21236559139785,8.809139784946236,19,49.473684210526315,41.578947368421055,2.2688172043010755,2.2338709677419355,6.0,5.315789473684211
atlas,2778,2151,1604,133,1569,87,6.082855321861058,5.8565965583174,123,24.178861788617887,21.29268292682927,2.5946462715105163,2.5302740599107714,6.32520325203252,5.504065040650406
incubator,451,82,69,2,126,10,1.8015873015873016,1.746031746031746,3,9.666666666666666,7.333333333333333,1.1507936507936507,1.1507936507936507,2.3333333333333335,2.3333333333333335
roller-website,10,10,7,2,113,2,1.1946902654867257,1.168141592920354,3,4.333333333333333,3.3333333333333335,1.0707964601769913,1.0707964601769913,2.0,2.0
ant-ivy,3228,2902,2854,24,2387,27,5.713866778382908,5.476749057394219,373,13.193029490616622,11.675603217158177,2.436950146627566,2.291998324256389,4.721179624664879,3.7935656836461127
sqoop,2177,874,874,0,792,38,3.933080808080808,3.933080808080808,0,0.0,0.0,2.356060606060606,2.356060606060606,NaN,NaN
incubator-taverna-plugin-gis,63,15,14,1,31,3,3.193548387096774,3.161290322580645,1,10.0,9.0,1.903225806451613,1.903225806451613,2.0,2.0
lucene-solr,48474,29787,22620,572,11242,154,13.320405621775485,10.01280910869952,4777,25.231735398785847,17.447770567301653,4.928660380715176,4.1966731898238745,7.734980113041658,6.012350847812435
httpcomponents-parent,159,159,159,0,8,8,16.625,16.625,0,0.0,0.0,2.625,2.625,NaN,NaN
mina,3416,2401,2294,21,362,32,7.151933701657459,6.378453038674033,79,16.31645569620253,12.772151898734178,2.022099447513812,1.8812154696132597,3.2025316455696204,2.5569620253164556
incubator-taverna-workbench-product,67,67,67,0,17,8,5.9411764705882355,5.9411764705882355,0,0.0,0.0,2.588235294117647,2.588235294117647,NaN,NaN
groovy-user-site,2,2,2,0,1,1,1.0,1.0,0,0.0,0.0,1.0,1.0,NaN,NaN
incubator-livy-website,206,52,52,0,200,20,1.75,1.75,0,0.0,0.0,1.42,1.42,NaN,NaN
wicket,24428,20225,16380,140,5735,112,9.644289450741063,6.987794245858762,3243,14.193339500462535,9.495528831329016,4.312990409764604,3.438884045335658,5.891150169596053,4.345359235275979
incubator-milagro-crypto,11,11,8,2,280,4,1.3821428571428571,1.3821428571428571,0,0.0,0.0,1.3535714285714286,1.3535714285714286,NaN,NaN
couchdb-mochiweb,613,562,293,110,79,71,10.240506329113924,6.3544303797468356,54,13.944444444444445,8.25925925925926,3.329113924050633,1.860759493670886,4.2407407407407405,2.0925925925925926
couchdb-khash,21,21,19,2,14,7,2.7857142857142856,2.642857142857143,2,4.5,3.5,2.0714285714285716,2.0714285714285716,3.0,3.0
mina-sshd,1314,1299,1295,2,1071,34,11.196078431372548,11.18954248366013,4,23.75,22.0,2.7675070028011204,2.7637721755368814,4.75,3.75
qpid-proton-j,3311,3023,2770,53,561,52,6.857397504456328,5.210338680926916,243,12.946502057613168,9.1440329218107,3.1140819964349378,2.5276292335115866,5.037037037037037,3.683127572016461
shiro-site,113,113,111,2,217,23,2.2350230414746544,2.225806451612903,2,5.5,4.5,1.271889400921659,1.262672811059908,2.0,1.0
logging-log4php,991,916,381,1,299,16,8.307692307692308,4.538461538461538,119,14.915966386554622,5.445378151260504,2.2441471571906355,1.2909698996655519,3.7394957983193278,1.3445378151260505
cassandra,23911,23909,11570,9464,3255,397,17.60983102918587,9.729953917050691,1706,31.71746776084408,16.682883939038685,5.200921658986175,3.8906298003072197,8.381594372801876,5.881594372801875
directory-fortress-commander,309,309,301,5,219,4,7.324200913242009,7.287671232876712,1,133.0,125.0,1.91324200913242,1.91324200913242,4.0,4.0
commons-release-plugin,126,126,93,3,52,4,5.403846153846154,4.384615384615385,13,13.846153846153847,9.76923076923077,1.7115384615384615,1.6538461538461537,2.6923076923076925,2.4615384615384617
activemq-nms-xms,4,4,4,0,101,2,1.00990099009901,1.00990099009901,0,0.0,0.0,1.00990099009901,1.00990099009901,NaN,NaN
commons-cli,933,904,689,9,96,48,16.895833333333332,13.333333333333334,66,23.242424242424242,18.060606060606062,6.052083333333333,5.697916666666667,8.015151515151516,7.5
empire-db,1048,998,967,4,680,13,7.327941176470588,7.189705882352941,52,30.134615384615383,28.326923076923077,2.1838235294117645,2.151470588235294,2.5,2.076923076923077
eagle,1117,1045,882,65,2682,47,3.661819537658464,3.5380313199105147,198,9.641414141414142,7.9646464646464645,2.2647278150633854,2.2076808351976136,4.702020202020202,3.9292929292929295
brooklyn-ui,1428,1409,922,196,336,47,8.907738095238095,6.247023809523809,186,13.887096774193548,9.080645161290322,3.7648809523809526,2.4613095238095237,5.521505376344086,3.1666666666666665
nifi-registry,124,122,122,0,679,10,2.9705449189985274,2.9705449189985274,0,0.0,0.0,1.332842415316642,1.332842415316642,NaN,NaN
logging-parent,8,8,8,0,3,1,3.0,3.0,0,0.0,0.0,1.0,1.0,NaN,NaN
activemq-nms-ems,192,172,172,0,38,4,8.605263157894736,8.605263157894736,0,0.0,0.0,1.7105263157894737,1.7105263157894737,NaN,NaN
incubator-unomi,1616,1616,1333,82,706,28,8.15155807365439,6.471671388101983,261,16.60919540229885,12.065134099616857,2.8413597733711047,2.5779036827195467,4.432950191570881,3.7203065134099615
pdfbox-docs,335,176,160,6,95,8,4.052631578947368,3.7473684210526317,19,10.105263157894736,8.578947368421053,1.4842105263157894,1.3368421052631578,2.210526315789474,1.4736842105263157
gora,1219,1054,595,69,614,55,7.091205211726384,4.337133550488599,284,13.28169014084507,7.327464788732394,3.1628664495114007,2.41042345276873,5.316901408450704,3.6901408450704225
predictionio-template-ecom-recommender,41,32,32,0,18,8,4.888888888888889,4.888888888888889,0,0.0,0.0,3.0,3.0,NaN,NaN
commons-numbers,265,240,129,23,220,8,2.4272727272727272,1.759090909090909,45,6.4222222222222225,3.1555555555555554,1.2454545454545454,1.1272727272727272,1.9777777777777779,1.4
river-container,36,36,35,1,321,2,1.763239875389408,1.7570093457943925,2,6.0,5.0,1.2928348909657321,1.2928348909657321,1.5,1.5
couchdb-couch-epi,36,36,31,4,22,6,3.772727272727273,3.5,3,6.666666666666667,4.666666666666667,1.3636363636363635,1.3636363636363635,2.0,2.0
incubator-airflow,5007,4677,2595,1095,898,617,9.455456570155903,4.541202672605791,427,18.016393442622952,7.681498829039812,4.61358574610245,2.975501113585746,8.1288056206089,4.68384074941452
commons-rdf,1310,1263,549,153,252,21,13.619047619047619,6.373015873015873,187,17.3475935828877,7.5828877005347595,2.6825396825396823,2.2142857142857144,3.053475935828877,2.4224598930481283
ant-easyant-tasks,30,30,30,0,41,4,2.7560975609756095,2.7560975609756095,0,0.0,0.0,1.3902439024390243,1.3902439024390243,NaN,NaN
flex-examples,54,9,8,1,132,8,1.1818181818181819,1.0227272727272727,21,2.0,1.0,1.1742424242424243,1.0151515151515151,2.0,1.0
incubator-brooklyn-site,70,70,26,16,2,7,5.0,4.0,2,5.0,4.0,2.0,2.0,2.0,2.0
commons-dbutils,705,639,635,1,123,31,10.65040650406504,10.634146341463415,1,154.0,152.0,4.504065040650406,4.504065040650406,14.0,14.0
infrastructure-whimsy,30,29,29,0,34,1,2.9411764705882355,2.9411764705882355,0,0.0,0.0,1.0,1.0,NaN,NaN
polygene-website,48,1,1,0,1,4,1.0,1.0,0,0.0,0.0,1.0,1.0,NaN,NaN
nifi-fds,10,4,4,0,58,1,1.1379310344827587,1.1379310344827587,0,0.0,0.0,1.0,1.0,NaN,NaN
ode,5619,3817,2584,9,3270,28,6.47217125382263,4.621406727828746,1943,9.327328872876995,6.2125579001544,2.8262996941896024,2.4571865443425076,3.701492537313433,3.080288214101904
incubator-weex,10324,10323,1244,3194,2150,217,9.031162790697675,2.2953488372093025,1553,11.825499034127494,2.5003219575016096,3.697674418604651,1.7488372093023257,4.51448808757244,1.816484224082421
falcon,2542,2219,1875,174,1843,65,6.261530113944655,6.07921866521975,140,26.857142857142858,24.457142857142856,2.9983722192078135,2.9669017905588713,7.542857142857143,7.128571428571429
logging-log4j-boot,19,19,19,0,40,2,1.975,1.975,0,0.0,0.0,1.025,1.025,NaN,NaN
metamodel-membrane,33,31,24,3,67,1,2.91044776119403,2.4925373134328357,19,5.473684210526316,4.0,1.0,1.0,1.0,1.0
couchdb-couch-log,50,49,43,4,38,10,2.5526315789473686,2.3421052631578947,8,4.625,3.625,1.4736842105263157,1.4210526315789473,2.125,1.875
cassandra-dtest,5077,5077,2339,1241,248,104,22.766129032258064,8.758064516129032,124,44.29032258064516,16.274193548387096,6.5,4.016129032258065,11.814516129032258,6.846774193548387
any23,1682,1682,1529,58,860,27,6.136046511627907,5.52906976744186,192,12.885416666666666,10.166666666666666,2.902325581395349,2.6732558139534883,4.182291666666667,3.15625
incubator-taverna-language,3463,3431,348,155,627,32,7.130781499202552,3.6044657097288675,290,12.10344827586207,4.479310344827586,2.7416267942583734,1.7416267942583732,3.713793103448276,1.5517241379310345
deltacloud,2674,2674,2674,0,1732,36,4.90877598152425,4.90877598152425,0,0.0,0.0,2.0329099307159355,2.0329099307159355,NaN,NaN
predictionio-template-recommender,40,30,26,2,17,13,5.117647058823529,4.529411764705882,5,7.6,5.6,4.294117647058823,3.764705882352941,6.6,4.8
incubator-hivemall-site,41,2,2,0,1,5,2.0,2.0,0,0.0,0.0,2.0,2.0,NaN,NaN
incubator-livy,389,348,347,1,326,38,3.4079754601226995,3.4079754601226995,0,0.0,0.0,1.8803680981595092,1.8803680981595092,NaN,NaN
calcite,2833,2809,2511,30,1937,196,13.197212183789365,12.472379969024264,237,27.0,21.075949367088608,3.0320082601961795,2.9034589571502325,4.417721518987341,3.367088607594937
httpcomponents-website,114,114,114,0,56,5,4.946428571428571,4.946428571428571,0,0.0,0.0,1.1964285714285714,1.1964285714285714,NaN,NaN
mahout,4054,3959,3655,47,2039,57,11.313879352623836,10.657184894556154,259,25.687258687258687,20.517374517374517,4.036292300147131,3.9838155958803334,4.359073359073359,3.945945945945946
couchdb-config,103,97,66,17,16,16,6.8125,4.6875,5,15.2,8.4,2.8125,2.375,5.0,3.6
directory-fortress-enmasse,223,223,215,3,58,7,8.689655172413794,8.551724137931034,3,51.0,48.333333333333336,3.1206896551724137,3.1206896551724137,5.0,5.0
sentry,1548,1356,1170,12,1228,45,6.727198697068404,6.215798045602606,344,13.145348837209303,11.319767441860465,3.8745928338762217,3.6775244299674266,6.191860465116279,5.488372093023256
activemq-nms-stomp,284,234,234,0,138,3,4.978260869565218,4.978260869565218,0,0.0,0.0,1.3115942028985508,1.3115942028985508,NaN,NaN
incubator-s4,705,237,151,32,274,30,4.934306569343065,2.667883211678832,198,5.666666666666667,2.5303030303030303,1.813868613138686,1.489051094890511,1.8131313131313131,1.3636363636363635
predictionio-template-skeleton,22,15,15,0,19,7,3.3157894736842106,3.3157894736842106,0,0.0,0.0,3.0,3.0,NaN,NaN
incubator-senssoft,58,43,10,3,843,10,3.078291814946619,3.0320284697508897,34,4.823529411764706,3.676470588235294,2.9395017793594307,2.900355871886121,3.7941176470588234,2.823529411764706
predictionio-sdk-ruby,118,118,94,22,19,18,9.31578947368421,8.473684210526315,6,15.166666666666666,12.5,4.315789473684211,4.052631578947368,5.833333333333333,5.0
incubator-senssoft-tap,111,77,53,3,1210,13,1.2958677685950413,1.262809917355372,17,6.294117647058823,3.9411764705882355,1.159504132231405,1.1462809917355372,3.0,2.0588235294117645
qpid-interop-test,158,154,151,2,115,6,6.4,6.3826086956521735,2,11.0,10.0,1.4869565217391305,1.4782608695652173,2.5,2.0
couchdb-couch-log-lager,6,6,5,1,5,3,1.6,1.6,0,0.0,0.0,1.4,1.4,NaN,NaN
oodt,2572,2003,1598,47,2172,50,4.682780847145488,4.078268876611418,192,20.338541666666668,13.5,2.2490791896869244,2.1800184162062615,4.385416666666667,3.6041666666666665
flex-blazeds,121,111,104,5,775,5,4.264516129032258,4.260645161290323,3,17.333333333333332,16.333333333333332,2.592258064516129,2.592258064516129,2.6666666666666665,2.6666666666666665
activemq-nms-api,556,513,513,0,127,8,9.062992125984252,9.062992125984252,0,0.0,0.0,2.0393700787401574,2.0393700787401574,NaN,NaN
incubator-senssoft-stout,264,262,200,16,166,14,5.216867469879518,4.307228915662651,47,13.319148936170214,10.106382978723405,1.6867469879518073,1.5481927710843373,2.872340425531915,2.382978723404255
incubator-taverna-databundle-viewer,124,124,108,2,115,6,3.008695652173913,2.756521739130435,27,7.0,5.925925925925926,1.382608695652174,1.1304347826086956,2.3703703703703702,1.2962962962962963
ode-console,30,30,30,0,87,3,2.0,2.0,0,0.0,0.0,1.3563218390804597,1.3563218390804597,NaN,NaN
incubator-s2graph,1484,1473,435,274,381,25,6.3412073490813645,4.3254593175853016,159,11.251572327044025,6.421383647798742,1.5590551181102361,1.2992125984251968,2.119496855345912,1.4968553459119496
couchdb-couch-plugins,40,37,37,0,6,9,8.333333333333334,8.333333333333334,0,0.0,0.0,2.5,2.5,NaN,NaN
usergrid-nodejs,160,159,4,12,50,7,11.34,7.16,28,14.892857142857142,7.428571428571429,1.88,1.4,2.25,1.3928571428571428
mnemonic,472,458,407,44,291,23,7.948453608247423,6.501718213058419,66,20.696969696969695,14.318181818181818,1.9381443298969072,1.8144329896907216,3.212121212121212,2.6666666666666665
incubator-griffin-site,63,38,36,2,8043,5,1.0539599651871192,1.0538356334700982,1,5.0,4.0,1.000372995151063,1.000248663434042,3.0,2.0
commons-pool,1923,1760,1425,4,124,40,25.79032258064516,22.233870967741936,45,54.55555555555556,44.75555555555555,5.096774193548387,4.274193548387097,8.688888888888888,6.4222222222222225
guacamole-client,4515,4515,1729,629,1228,38,6.141693811074918,2.746742671009772,681,9.06754772393539,2.9456681350954477,1.531758957654723,1.1400651465798046,1.9177679882525698,1.2114537444933922
incubator-taverna-osgi,189,189,97,6,96,7,9.739583333333334,6.520833333333333,90,10.133333333333333,6.7,2.4479166666666665,1.2291666666666667,2.522222222222222,1.2222222222222223
bahir,344,344,294,21,147,82,6.687074829931973,5.959183673469388,26,20.884615384615383,16.76923076923077,3.3197278911564627,3.1700680272108843,10.0,9.153846153846153
ant-antlibs-compress,316,316,315,1,223,5,4.596412556053812,4.5874439461883405,2,26.0,25.0,1.0717488789237668,1.062780269058296,2.0,1.0
incubator-gossip,208,193,137,38,151,18,5.596026490066225,3.4701986754966887,68,10.411764705882353,5.6911764705882355,2.4503311258278146,1.9205298013245033,3.7205882352941178,2.5441176470588234
incubator-hivemall,1874,1816,662,244,941,28,6.492029755579171,2.3825717321997875,540,9.96111111111111,2.8,2.208289054197662,1.512221041445271,2.8222222222222224,1.6092592592592592
incubator-senssoft-user-ale,146,116,96,7,91,16,3.5934065934065935,2.923076923076923,20,10.15,7.1,2.065934065934066,1.89010989010989,4.55,3.75
commons-build-plugin,183,183,183,0,44,16,7.704545454545454,7.704545454545454,0,0.0,0.0,2.8181818181818183,2.8181818181818183,NaN,NaN
hbase,33518,15152,14944,14,4435,364,17.114543404735063,16.899661781285232,348,54.60919540229885,51.87068965517241,7.67576099210823,7.625479143179256,16.864942528735632,16.224137931034484
incubator-corinthia,448,400,337,17,6700,9,3.2855223880597015,3.265223880597015,95,5.926315789473684,4.494736842105263,1.7795522388059701,1.7732835820895523,2.031578947368421,1.5894736842105264
commons-collections,3206,2981,2977,1,752,60,6.650265957446808,6.647606382978723,1,171.0,169.0,2.9933510638297873,2.9933510638297873,21.0,21.0
incubator-milagro-mfa-sdk-ios,40,40,18,14,28,7,2.7857142857142856,1.4642857142857142,9,6.333333333333333,2.2222222222222223,1.6428571428571428,1.1071428571428572,3.0,1.3333333333333333
james-jsieve,589,584,584,0,215,14,11.12093023255814,11.12093023255814,0,0.0,0.0,3.6651162790697676,3.6651162790697676,NaN,NaN
nifi-container,2,2,2,0,3,1,1.3333333333333333,1.3333333333333333,0,0.0,0.0,1.0,1.0,NaN,NaN
ant-antlibs-vss,10,10,10,0,25,3,1.0,1.0,0,0.0,0.0,1.0,1.0,NaN,NaN
couchdb-examples,16,16,16,0,7,3,3.4285714285714284,3.4285714285714284,0,0.0,0.0,2.0,2.0,NaN,NaN
portals-pluto,3039,2712,2044,74,2265,37,6.320088300220751,4.630905077262693,1036,10.232625482625483,6.539575289575289,2.2008830022075054,1.9373068432671081,3.194980694980695,2.6187258687258685
commons-compress,2568,2513,2358,36,582,53,10.487972508591065,9.857388316151203,96,35.552083333333336,31.729166666666668,2.8780068728522337,2.8281786941580758,6.15625,5.854166666666667
couchdb-jquery-couch,90,90,90,0,11,20,8.818181818181818,8.818181818181818,0,0.0,0.0,2.727272727272727,2.727272727272727,NaN,NaN
ant-antlibs-dotnet,90,81,80,1,75,2,3.76,3.76,0,0.0,0.0,1.0,1.0,NaN,NaN
httpcomponents-client,3444,2864,2850,3,727,32,6.163686382393397,6.155433287482806,5,174.0,172.8,1.8817056396148555,1.8817056396148555,6.0,6.0
flume,2530,1744,1398,8,950,66,5.227368421052631,4.28,208,13.125,8.798076923076923,2.8526315789473684,2.6178947368421053,5.163461538461538,4.091346153846154
logging-log4j2,10323,10146,7293,410,2829,70,10.993990809473312,8.441145281018027,1212,21.383663366336634,15.424917491749175,2.9731353835277483,2.5864262990455993,4.603960396039604,3.701320132013201
couchdb-global-changes,55,52,41,8,16,10,4.4375,3.8125,4,8.75,6.25,2.5625,2.5,3.0,2.75
guacamole-server,2664,2664,1024,291,438,33,13.422374429223744,5.920091324200913,330,16.254545454545454,6.296969696969697,2.3378995433789953,1.5456621004566211,2.609090909090909,1.5575757575757576
lucy-clownfish,2243,2174,1634,75,530,9,9.858490566037736,6.8641509433962264,245,17.542857142857144,11.06530612244898,1.890566037735849,1.7207547169811321,2.195918367346939,1.8285714285714285
incubator-taverna-plugin-bioinformatics,458,458,39,22,229,13,8.026200873362445,2.5851528384279474,226,8.079646017699115,2.566371681415929,2.8995633187772927,1.056768558951965,2.920353982300885,1.0530973451327434
incubator-hawq-docs,864,837,241,75,450,8,7.873333333333333,2.96,356,9.370786516853933,3.1601123595505616,2.9066666666666667,1.8955555555555557,3.2275280898876404,1.949438202247191
incubator-gearpump,2275,2241,1156,804,936,40,7.840811965811966,2.8322649572649574,544,12.025735294117647,3.4080882352941178,2.5213675213675213,1.6527777777777777,3.417279411764706,1.9227941176470589
usergrid-swift,25,24,16,2,247,3,1.3076923076923077,1.2753036437246963,5,4.4,2.8,1.2186234817813766,1.2186234817813766,2.0,2.0
ant-easyant-plugins,175,175,175,0,190,4,5.3,5.3,0,0.0,0.0,1.5421052631578946,1.5421052631578946,NaN,NaN
ant-ivyde,856,804,799,2,750,14,4.373333333333333,4.368,2,44.5,42.5,1.5786666666666667,1.5773333333333333,4.0,3.5
metron,1101,948,858,33,2635,67,3.8554079696394687,3.5332068311195446,363,10.62534435261708,8.286501377410469,2.1688804554079697,2.0717267552182164,4.741046831955923,4.035812672176308
incubator-ripple,1144,1144,312,232,628,53,4.944267515923567,3.21656050955414,276,7.967391304347826,4.036231884057971,2.7643312101910826,2.200636942675159,3.7681159420289854,2.4855072463768115
incubator-hawq,1618,1529,1419,22,9056,94,1.909231448763251,1.8869257950530036,128,13.34375,11.765625,1.5153489399293287,1.5071775618374559,5.921875,5.34375
couchdb-glazier,208,204,176,12,43,8,7.8604651162790695,7.023255813953488,13,20.46153846153846,17.692307692307693,1.7209302325581395,1.6046511627906976,2.8461538461538463,2.4615384615384617
incubator-milagro-mfa-js-lib,18,17,10,6,22,6,1.6363636363636365,1.4090909090909092,4,4.0,2.75,1.4545454545454546,1.3636363636363635,3.25,2.75
httpcomponents-stylecheck,22,22,22,0,9,4,2.888888888888889,2.888888888888889,0,0.0,0.0,1.4444444444444444,1.4444444444444444,NaN,NaN
kudu,7538,6859,6714,39,1839,117,17.499728113104947,17.456769983686787,31,32.516129032258064,29.967741935483872,6.153344208809135,6.1364872213159325,8.387096774193548,7.387096774193548
mrunit,325,234,234,0,97,23,10.360824742268042,10.360824742268042,0,0.0,0.0,3.2783505154639174,3.2783505154639174,NaN,NaN
cayenne-modeler,137,137,137,0,98,2,5.551020408163265,5.551020408163265,0,0.0,0.0,1.0204081632653061,1.0204081632653061,NaN,NaN
yetus,1101,1005,668,399,146,79,9.431506849315069,9.308219178082192,4,75.25,70.75,3.3972602739726026,3.3698630136986303,17.5,16.5
stratos,9639,8951,4179,1170,4222,91,7.973709142586452,4.420653718616769,2048,13.95751953125,6.6328125,3.05802936996684,2.238986262434865,4.42333984375,2.73486328125
incubator-hdt,135,63,54,3,353,5,1.4645892351274787,1.453257790368272,4,7.0,6.0,1.1303116147308783,1.1274787535410764,1.5,1.25
vcl,2616,2514,2514,0,283,12,17.78798586572438,17.78798586572438,0,0.0,0.0,1.6643109540636043,1.6643109540636043,NaN,NaN
systemml,5856,5579,5513,26,3952,82,11.018724696356275,10.75581983805668,997,14.187562688064192,13.145436308926781,4.359311740890688,4.352985829959514,6.036108324974925,6.011033099297894
incubator-taverna-workbench-common-activities,485,482,44,17,327,8,4.293577981651376,1.9571865443425076,167,6.407185628742515,1.8323353293413174,2.308868501529052,1.510703363914373,3.155688622754491,1.592814371257485
marmotta,2415,1989,986,256,2312,29,7.063148788927336,3.879325259515571,1385,9.848375451263538,4.533574007220216,2.1959342560553634,1.6630622837370241,2.610830324909747,1.7212996389891697
couchdb-meck,444,444,279,63,39,55,14.179487179487179,7.769230769230769,24,21.583333333333332,11.166666666666666,4.3076923076923075,1.794871794871795,6.291666666666667,2.2083333333333335
flex-utilities,1178,807,233,21,6416,36,1.7292705735660847,1.7119700748129676,23,18.08695652173913,13.26086956521739,1.1962281795511223,1.1940461346633418,3.782608695652174,3.1739130434782608
samza,1270,1066,1046,9,1381,147,4.549601737871108,4.445329471397538,92,16.22826086956522,14.66304347826087,3.2824040550325853,3.221578566256336,9.271739130434783,8.358695652173912
datafu,549,536,339,93,380,40,4.586842105263158,3.692105263157895,120,8.2,5.366666666666666,2.389473684210526,2.1842105263157894,2.925,2.275
couchdb-futon,912,895,891,4,210,46,8.423809523809524,8.414285714285715,2,11.5,10.5,3.085714285714286,3.085714285714286,4.5,4.5
hbase-thirdparty,41,41,39,2,15,4,7.8,7.266666666666667,4,21.5,19.5,2.1333333333333333,2.0,3.75,3.25
httpcomponents-core,3288,2906,2906,0,804,29,6.54228855721393,6.54228855721393,0,0.0,0.0,1.6529850746268657,1.6529850746268657,NaN,NaN
incubator-blur,5276,5242,2077,680,1449,38,6.898550724637682,4.563146997929606,657,12.397260273972602,7.2465753424657535,1.3457556935817805,1.2167011732229123,1.6118721461187215,1.3272450532724505
directory-fortress-core,1430,1430,1137,63,481,14,9.792099792099792,8.505197505197506,170,19.38235294117647,15.741176470588234,2.176715176715177,1.975051975051975,2.7941176470588234,2.223529411764706
commons-fileupload,1030,919,907,6,91,38,16.54945054945055,16.439560439560438,9,34.666666666666664,33.55555555555556,5.252747252747253,5.252747252747253,6.0,6.0
james-project,4617,4498,3763,167,5473,50,5.645715329800841,4.909921432486753,1543,11.504860661049904,8.8950097213221,2.6283573908277,2.472501370363603,4.184057031756319,3.631237848347375
incubator-taverna-server,816,815,460,14,398,8,13.419597989949748,8.92964824120603,307,16.67100977198697,10.850162866449512,3.477386934673367,2.758793969849246,4.042345276872964,3.1107491856677525
james-postage,74,74,74,0,52,8,4.730769230769231,4.730769230769231,0,0.0,0.0,2.269230769230769,2.269230769230769,NaN,NaN
predictionio,4411,4342,1555,582,978,159,4.928425357873211,2.529652351738241,569,7.302284710017575,3.1792618629173988,2.5552147239263805,1.8670756646216768,3.413005272407733,2.2302284710017575
servicemix-maven-plugins,38,38,38,0,9,6,5.555555555555555,5.555555555555555,0,0.0,0.0,1.8888888888888888,1.8888888888888888,NaN,NaN
ant-antlibs-antunit,211,211,211,0,107,12,4.906542056074766,4.906542056074766,0,0.0,0.0,1.9626168224299065,1.9626168224299065,NaN,NaN
brooklyn-client,407,398,69,128,386,21,4.067357512953368,1.11139896373057,105,12.247619047619047,1.380952380952381,1.8134715025906736,1.0310880829015545,3.9904761904761905,1.1142857142857143
incubator-weex-site,310,308,151,88,611,57,2.916530278232406,2.6219312602291325,92,6.239130434782608,4.282608695652174,1.4288052373158757,1.2585924713584289,3.2717391304347827,2.141304347826087
commons-statistics,36,36,34,1,103,2,2.203883495145631,1.6407766990291262,57,3.175438596491228,2.1578947368421053,1.0097087378640777,1.0097087378640777,1.0175438596491229,1.0175438596491229
activemq-nms-msmq,363,175,175,0,142,4,3.4859154929577465,3.4859154929577465,0,0.0,0.0,1.2253521126760563,1.2253521126760563,NaN,NaN
ode-jacob,165,163,159,3,72,10,10.805555555555555,10.694444444444445,6,27.0,25.666666666666668,3.263888888888889,3.263888888888889,5.0,5.0
activemq-activeio,139,126,126,0,94,14,6.0,6.0,0,0.0,0.0,1.3085106382978724,1.3085106382978724,NaN,NaN
ignite,27319,23702,3186,6092,11780,243,17.494482173174873,2.3770797962648555,8511,23.651157325813653,2.727294090001175,5.848811544991511,1.6316638370118846,7.62671836446951,1.7898014334390788
incubator-crail,275,275,225,12,207,12,2.7198067632850242,2.681159420289855,5,15.8,14.2,1.1400966183574879,1.1352657004830917,2.2,2.0
logging-log4j-scala,117,117,117,0,32,7,4.1875,4.1875,0,0.0,0.0,1.5625,1.5625,NaN,NaN
incubator-provisionr,351,350,200,105,317,7,4.422712933753943,3.1798107255520507,75,11.146666666666667,5.8933333333333335,1.1766561514195584,1.053627760252366,1.7466666666666666,1.2266666666666666
logging-log4net,1462,1062,1051,3,727,21,8.173314993122421,8.145804676753782,15,25.4,24.066666666666666,2.6808803301237965,2.6808803301237965,2.6666666666666665,2.6666666666666665
juddi,2968,2851,2286,14,2219,17,5.839567372690401,4.56376746282109,652,12.495398773006135,8.153374233128835,1.9513294276701216,1.6863452005407842,3.2223926380368098,2.3205521472392636
couchdb-snappy,78,64,62,2,22,16,6.954545454545454,4.863636363636363,11,8.909090909090908,4.7272727272727275,2.9545454545454546,2.227272727272727,3.6363636363636362,2.1818181818181817
nifi-site,167,167,161,2,64,33,4.53125,4.421875,5,14.8,13.4,2.8125,2.8125,7.0,7.0
usergrid-java,2,2,2,0,38,1,1.0263157894736843,1.0263157894736843,0,0.0,0.0,1.0,1.0,NaN,NaN
ignite-release,1,1,1,0,11,1,1.0,1.0,0,0.0,0.0,1.0,1.0,NaN,NaN
brooklyn-library,3774,3705,2114,684,849,65,16.148409893992934,6.651354534746761,785,17.369426751592357,7.0980891719745225,6.982332155477032,3.4511189634864547,7.466242038216561,3.6471337579617833
metron-bro-plugin-kafka,13,13,13,0,31,6,2.3548387096774195,2.3548387096774195,0,0.0,0.0,1.8387096774193548,1.8387096774193548,NaN,NaN
predictionio-template-similar-product,43,33,30,2,19,11,4.7368421052631575,4.473684210526316,4,8.0,6.75,3.526315789473684,3.3157894736842106,5.75,4.75
couchdb-couch-index,93,78,64,7,14,18,7.071428571428571,5.928571428571429,3,21.0,15.666666666666666,3.142857142857143,3.0,7.666666666666667,7.0
couchdb-couch,2863,2209,1945,103,134,109,21.888059701492537,19.82089552238806,64,38.0625,33.734375,5.880597014925373,5.395522388059701,8.46875,7.453125
incubator-milagro,7,7,7,0,2,6,3.5,3.5,0,0.0,0.0,3.5,3.5,NaN,NaN
systemml-website,186,186,186,0,146,13,3.9726027397260273,3.9726027397260273,0,0.0,0.0,2.23972602739726,2.23972602739726,NaN,NaN
logging-log4j-tools,27,27,27,0,40,7,2.425,2.425,0,0.0,0.0,2.025,2.025,NaN,NaN
predictionio-sdk-php,113,102,58,24,22,27,4.636363636363637,3.5,5,11.2,6.2,2.727272727272727,2.1818181818181817,5.6,3.2
incubator-batchee,267,267,263,2,738,8,2.6178861788617884,2.5962059620596207,11,15.363636363636363,13.909090909090908,1.5474254742547426,1.5406504065040652,3.6363636363636362,3.1818181818181817
couchdb-fabric,724,680,526,99,29,40,34.206896551724135,27.517241379310345,23,41.391304347826086,32.95652173913044,8.482758620689655,7.689655172413793,9.91304347826087,8.91304347826087
ant-antlibs-svn,43,43,43,0,34,5,4.176470588235294,4.176470588235294,0,0.0,0.0,1.4705882352941178,1.4705882352941178,NaN,NaN
aries-rsa,852,849,849,0,256,17,9.2421875,9.2421875,0,0.0,0.0,2.5546875,2.5546875,NaN,NaN
activemq-openwire,19,19,19,0,940,2,1.3946808510638298,1.3946808510638298,0,0.0,0.0,1.0021276595744681,1.0021276595744681,NaN,NaN
knox,1764,1318,1173,30,1907,20,3.02884111169376,2.879391714735186,199,10.608040201005025,9.175879396984925,1.5364446775039329,1.4756161510225485,3.0050251256281406,2.422110552763819
aries-jpa,174,174,174,0,239,6,4.380753138075314,4.380753138075314,0,0.0,0.0,1.3221757322175731,1.3221757322175731,NaN,NaN
commons-text,575,572,399,46,184,29,8.521739130434783,5.858695652173913,119,11.61344537815126,7.495798319327731,4.5271739130434785,3.266304347826087,6.201680672268908,4.2521008403361344
couchdb-b64url,28,28,25,3,12,5,3.9166666666666665,3.6666666666666665,3,6.0,5.0,1.9166666666666667,1.8333333333333333,2.3333333333333335,2.0
flink-web,488,143,143,0,329,62,5.367781155015198,5.367781155015198,0,0.0,0.0,2.9817629179331306,2.9817629179331306,NaN,NaN
ant-antlibs-common,95,95,95,0,17,12,7.470588235294118,7.470588235294118,0,0.0,0.0,2.0588235294117645,2.0588235294117645,NaN,NaN
logging-log4j-plugins,4,1,1,0,2,3,1.0,1.0,0,0.0,0.0,1.0,1.0,NaN,NaN
celix,1477,1399,990,42,902,18,9.573170731707316,7.824833702882484,415,14.233734939759037,10.433734939759036,2.494456762749446,2.3592017738359203,2.8481927710843373,2.5542168674698793
logging-log4j-kotlin,35,35,8,3,30,3,2.466666666666667,1.7666666666666666,6,4.666666666666667,1.1666666666666667,1.1,1.0333333333333334,1.5,1.1666666666666667
incubator-iota-site,26,10,9,1,104,4,1.0384615384615385,1.0384615384615385,0,0.0,0.0,1.0192307692307692,1.0192307692307692,NaN,NaN
nifi-minifi,145,132,130,1,551,14,3.159709618874773,3.0653357531760435,26,15.846153846153847,13.846153846153847,1.6588021778584392,1.6588021778584392,2.6153846153846154,2.6153846153846154
incubator-milagro-mfa-sdk-wp,11,11,8,3,32,2,1.125,1.09375,1,3.0,2.0,1.03125,1.03125,1.0,1.0
incubator-asterixdb-hyracks,2594,2594,923,212,2216,51,11.611462093862816,5.541064981949458,1836,13.261437908496733,5.934640522875817,4.930956678700361,2.67870036101083,5.534858387799564,2.8164488017429194
ranger,3121,2563,2099,148,2067,77,6.586357039187228,5.483309143686502,833,11.949579831932773,9.212484993997599,3.1901306240928884,2.8819545234639574,5.116446578631453,4.351740696278512
bahir-flink,51,51,51,0,130,12,2.276923076923077,2.276923076923077,0,0.0,0.0,1.476923076923077,1.476923076923077,NaN,NaN
incubator-omid,1217,1179,905,150,286,23,17.75874125874126,14.996503496503497,247,20.295546558704455,17.097165991902834,2.6188811188811187,1.6958041958041958,2.8218623481781377,1.7530364372469636
infrastructure-puppet-kitchen,84,75,68,6,16,10,5.25,4.8125,3,16.666666666666668,14.333333333333334,2.25,2.0625,5.666666666666667,4.666666666666667
bval,794,631,537,1,399,13,5.3734335839598995,4.112781954887218,270,6.562962962962963,4.7,2.526315789473684,1.8972431077694236,2.72962962962963,1.8
usergrid,11135,10905,419,2452,4023,126,7.093711160825255,1.915983097191151,2536,10.329652996845425,2.115930599369085,2.6102411135968184,1.2428535918468804,3.5094637223974763,1.3402996845425867
predictionio-template-text-classifier,148,144,137,5,20,13,8.65,8.15,6,18.333333333333332,16.666666666666668,2.9,2.45,4.666666666666667,3.1666666666666665
deltaspike,2265,2254,2203,18,2128,69,5.804981203007519,5.371240601503759,143,35.00699300699301,28.552447552447553,2.0578007518796992,2.0469924812030076,4.629370629370629,4.468531468531468
directory-kerby,1775,1051,596,61,1885,20,3.663129973474801,3.4021220159151193,225,11.386666666666667,9.2,1.887002652519894,1.846684350132626,3.7377777777777776,3.4
fineract,4755,4751,356,1182,3485,130,8.527690100430416,3.1971305595408896,2599,10.721816083108887,3.574066948826472,3.843328550932568,1.7893830703012912,4.704501731435167,1.9503655252020007
nifi-minifi-cpp,289,289,288,1,3351,18,1.8555655028349747,1.8552670844524022,1,76.0,75.0,1.3291554759773203,1.3291554759773203,13.0,13.0
directory-fortress-realm,234,234,231,2,29,7,18.96551724137931,18.551724137931036,6,56.166666666666664,54.166666666666664,2.689655172413793,2.689655172413793,4.166666666666667,4.166666666666667
bigtop,3026,2268,2224,13,2177,185,4.412953605879651,4.310519062930639,143,17.90909090909091,16.34965034965035,2.2912264584290307,2.265043638033992,6.27972027972028,5.881118881118881
pdfbox-jbig2,32,32,30,1,127,4,2.2283464566929134,2.204724409448819,2,3.5,2.0,1.047244094488189,1.031496062992126,2.0,1.0
incubator-joshua,4338,4238,2620,401,822,70,11.543795620437956,2.980535279805353,564,15.693262411347519,3.2127659574468086,3.591240875912409,1.6119221411192215,4.475177304964539,1.5904255319148937
couchdb-couch-dbupdates,26,7,7,0,5,8,2.0,2.0,0,0.0,0.0,2.0,2.0,NaN,NaN
incubator-mrql,169,169,165,4,248,5,6.858870967741935,6.850806451612903,2,31.0,30.0,1.0524193548387097,1.0524193548387097,1.0,1.0
incubator-crail-website,899,886,751,35,321,12,4.753894080996885,4.255451713395638,42,17.833333333333332,14.023809523809524,2.1183800623052957,2.0716510903426792,2.7857142857142856,2.4285714285714284
incubator-tamaya-site,211,154,133,1,195,7,2.7846153846153845,2.769230769230769,2,7.5,6.0,1.2256410256410257,1.2256410256410257,1.0,1.0
carbondata-site,166,6,6,0,351,11,1.1766381766381766,1.1766381766381766,0,0.0,0.0,1.170940170940171,1.170940170940171,NaN,NaN
activemq-nms-openwire-generator,32,32,32,0,27,2,3.3703703703703702,3.3703703703703702,0,0.0,0.0,1.0,1.0,NaN,NaN
groovy,22415,14894,12364,729,4251,328,10.734885909197835,9.149847094801224,1624,18.095443349753694,13.946428571428571,4.241590214067278,3.839802399435427,5.523399014778325,4.471674876847291
incubator-taverna-mobile,647,638,371,39,313,15,4.1629392971246,2.9936102236421727,100,8.56,4.9,1.549520766773163,1.2172523961661341,2.51,1.47
flink,15983,13564,9952,653,8080,562,8.030321782178218,7.991707920792079,39,64.43589743589743,56.43589743589744,4.033415841584159,4.025742574257426,16.0,14.41025641025641
incubator-milagro-mfa-js-client,14,13,5,4,150,9,1.0933333333333333,1.06,2,5.0,2.5,1.0866666666666667,1.06,4.5,2.5
activemq-artemis,5407,5149,2513,1981,5260,143,10.885931558935361,2.9960076045627377,4502,12.536206130608619,3.3178587294535764,4.535171102661597,1.2897338403041825,5.121057307863172,1.329187027987561
cayenne-website,111,72,71,1,10504,4,1.5484577303884235,1.5483625285605485,1,6.0,5.0,1.5358910891089108,1.5357958872810358,2.0,1.0
zookeeper,2744,1629,1629,0,1199,85,7.2810675562969145,7.2810675562969145,0,0.0,0.0,3.0341951626355295,3.0341951626355295,NaN,NaN
couchdb-folsom,331,331,275,47,41,40,11.146341463414634,8.78048780487805,25,15.2,11.32,3.5853658536585367,2.1219512195121952,4.84,2.44
aurora-packaging,108,93,93,0,76,24,5.394736842105263,5.394736842105263,0,0.0,0.0,3.789473684210526,3.789473684210526,NaN,NaN
incubator-tamaya,1465,1413,1293,35,297,18,7.006734006734007,6.7272727272727275,35,18.62857142857143,16.257142857142856,2.451178451178451,2.420875420875421,3.5428571428571427,3.2857142857142856
couchdb-lager,452,452,241,104,37,50,18.45945945945946,7.648648648648648,31,21.741935483870968,8.838709677419354,3.3513513513513513,1.5675675675675675,3.806451612903226,1.6774193548387097
qpid-dispatch,1847,1646,1475,13,527,31,11.214421252371917,9.800759013282732,112,33.3125,26.660714285714285,2.5730550284629983,2.538899430740038,4.705357142857143,4.544642857142857
ant-easyant-easyant4e,12,12,12,0,132,3,2.6363636363636362,2.6363636363636362,0,0.0,0.0,1.121212121212121,1.121212121212121,NaN,NaN
servicemix-bundles,14096,14096,14011,75,840,46,8.060714285714285,7.960714285714285,12,201.08333333333334,194.08333333333334,1.5392857142857144,1.5178571428571428,4.75,3.25
qpid-proton,4278,3668,3418,50,3142,57,5.113303628262253,4.767027371101209,308,25.23701298701299,21.704545454545453,2.436664544875875,2.362826225334182,5.633116883116883,4.87987012987013
flex-tlf,278,36,36,0,793,13,2.0252206809583857,2.0252206809583857,0,0.0,0.0,2.008827238335435,2.008827238335435,NaN,NaN
servicemix,967,404,404,0,450,23,7.026666666666666,7.026666666666666,0,0.0,0.0,1.5866666666666667,1.5866666666666667,NaN,NaN
tez,3584,2578,2135,12,1820,34,8.627472527472527,7.190659340659341,523,20.149139579349903,15.149139579349905,2.5214285714285714,2.291208791208791,4.550669216061186,3.7495219885277247
commons-csv,1232,1222,1220,2,69,27,27.608695652173914,27.594202898550726,1,158.0,157.0,3.8550724637681157,3.8550724637681157,16.0,16.0
juddi-styles,18,18,18,0,120,2,1.3583333333333334,1.3583333333333334,0,0.0,0.0,1.0,1.0,NaN,NaN
incubator-edgent,1389,1314,413,263,678,39,5.262536873156342,4.654867256637168,190,6.068421052631579,3.9,1.7787610619469028,1.6415929203539823,2.0157894736842104,1.5263157894736843
incubator-iota,192,190,113,20,107,11,3.8130841121495327,3.2710280373831777,21,8.714285714285714,5.9523809523809526,1.5981308411214954,1.4953271028037383,2.2857142857142856,1.7619047619047619
qpid-python,1007,1000,999,1,154,33,8.584415584415584,8.577922077922079,1,6.0,5.0,2.24025974025974,2.24025974025974,2.0,2.0
geronimo-yoko,334,334,98,89,3741,13,1.7179898422881583,1.6003742314889067,136,7.904411764705882,4.669117647058823,1.548783747661053,1.521251002405774,3.4779411764705883,2.7205882352941178
madlib-site,101,42,42,0,21,15,2.9047619047619047,2.9047619047619047,0,0.0,0.0,1.3333333333333333,1.3333333333333333,NaN,NaN
incubator-milagro-mfa-server,28,25,6,7,69,13,1.3333333333333333,1.1884057971014492,3,5.666666666666667,2.3333333333333335,1.2173913043478262,1.1159420289855073,4.666666666666667,2.3333333333333335
couchdb-ddoc-cache,34,34,34,0,9,8,6.444444444444445,6.444444444444445,0,0.0,0.0,2.6666666666666665,2.6666666666666665,NaN,NaN
incubator-gobblin-site,10,10,10,0,69,2,1.289855072463768,1.289855072463768,0,0.0,0.0,1.0144927536231885,1.0144927536231885,NaN,NaN
incubator-senssoft-distill,98,98,95,3,53,8,5.528301886792453,5.490566037735849,1,14.0,12.0,1.6981132075471699,1.679245283018868,3.0,2.0
roller,4491,4130,3195,12,1365,19,13.123076923076923,6.634432234432235,1148,15.216898954703833,7.501742160278746,2.482051282051282,2.016117216117216,2.715156794425087,2.1611498257839723
incubator-milagro-crypto-c,1,1,1,0,1,1,1.0,1.0,0,0.0,0.0,1.0,1.0,NaN,NaN
couchdb-query-server-node,12,12,12,0,12,2,3.4166666666666665,3.4166666666666665,0,0.0,0.0,1.8333333333333333,1.8333333333333333,NaN,NaN
flex-external,6,6,6,0,8103,2,1.0,1.0,0,0.0,0.0,1.0,1.0,NaN,NaN
flex-site,1716,1710,1710,0,18305,48,2.7405080579076757,2.7405080579076757,0,0.0,0.0,1.3382682327232998,1.3382682327232998,NaN,NaN
zeppelin,4603,3730,2624,286,1666,355,7.745498199279712,6.633853541416567,146,40.71917808219178,28.034246575342465,3.81812725090036,3.671668667466987,13.493150684931507,11.821917808219178
aurora-website,1,1,1,0,126,1,1.0,1.0,0,0.0,0.0,1.0,1.0,NaN,NaN
commons-crypto,576,574,448,52,124,25,12.540322580645162,9.620967741935484,60,22.333333333333332,16.3,4.298387096774194,3.774193548387097,6.716666666666667,5.633333333333334
couchdb-couch-httpd,1873,1,1,0,0,62,NaN,NaN,0,0.0,0.0,NaN,NaN,NaN,NaN
atlas-website,34,1,1,0,401,9,1.0,1.0,0,0.0,0.0,1.0,1.0,NaN,NaN
asterixdb,7001,6893,2149,740,27626,102,6.02037935278361,4.019040034749874,8548,11.178521291530183,4.710458586803931,3.550278722942156,2.599869687975096,5.7150210575573235,2.643425362657932
logging-log4j-audit-sample,5,5,5,0,20,2,1.35,1.35,0,0.0,0.0,1.2,1.2,NaN,NaN
brooklyn-dist,787,743,465,170,167,41,7.383233532934132,2.5089820359281436,140,8.557142857142857,2.742857142857143,3.4850299401197606,1.7544910179640718,3.9642857142857144,1.9
geronimo-safeguard,31,31,31,0,82,3,2.3048780487804876,2.3048780487804876,0,0.0,0.0,1.0853658536585367,1.0853658536585367,NaN,NaN
incubator-brooklyn,13401,13002,3909,2613,3967,99,9.85177716158306,1.5162591378875725,3792,10.222837552742616,1.5026371308016877,4.641542727501891,1.3773632467859844,4.77795358649789,1.3631329113924051
lucy,3425,3261,2923,50,994,19,11.561368209255534,9.827967806841047,445,16.56629213483146,12.69438202247191,2.87625754527163,2.651911468812877,3.103370786516854,2.602247191011236
hadoop,52710,18275,15617,417,12470,261,8.11475541299118,6.982357658380113,2738,22.5836376917458,17.426223520818116,4.157979149959904,3.8655172413793104,9.177136596055515,7.845142439737034
jclouds,12059,10441,5994,1394,7419,300,7.883003100148268,5.606281169968999,4020,12.260696517412935,8.058955223880597,3.4640787168081952,2.7553578649413666,4.776865671641791,3.468905472636816
fineract-site,36,34,22,10,36,10,1.9722222222222223,1.75,2,15.5,11.5,1.25,1.1944444444444444,5.5,4.5
activemq-nms-openwire,921,750,750,0,899,4,4.312569521690768,4.312569521690768,0,0.0,0.0,1.4238042269187987,1.4238042269187987,NaN,NaN
giraph,1091,1072,1061,6,1699,46,5.658034137728075,5.591524426133019,88,33.95454545454545,32.67045454545455,2.772218952324897,2.761624484991171,8.784090909090908,8.579545454545455
incubator-slider,2200,1139,99,158,1425,19,3.9466666666666668,2.632280701754386,434,9.23963133640553,4.923963133640553,1.5242105263157895,1.4105263157894736,2.205069124423963,1.8317972350230414
predictionio-sdk-java,131,122,103,6,23,13,9.391304347826088,9.130434782608695,2,20.0,17.0,3.260869565217391,3.217391304347826,8.0,7.5
ant-easyant-skeletons,18,18,18,0,24,3,4.208333333333333,4.208333333333333,0,0.0,0.0,1.5833333333333333,1.5833333333333333,NaN,NaN
hive,16176,11801,8246,298,16715,273,8.575710439724798,6.593778043673347,6993,15.81967681967682,11.082368082368083,4.545019443613521,3.723422075979659,7.527384527384528,5.563563563563563
servicemix-features,1150,1089,1089,0,5,18,92.0,92.0,0,0.0,0.0,4.4,4.4,NaN,NaN
predictionio-template-attribute-based-classifier,51,40,35,3,18,15,5.611111111111111,4.666666666666667,11,6.454545454545454,4.909090909090909,4.444444444444445,3.5555555555555554,5.454545454545454,4.0
flex-sdk,33727,33707,30395,183,52910,83,2.117917217917218,2.005386505386505,2058,9.209912536443149,6.316812439261419,1.3526176526176525,1.3105273105273105,3.0894071914480077,2.007288629737609
nifi,4887,4317,3158,348,6630,246,6.492006033182504,3.7660633484162895,2800,11.922857142857143,5.468214285714286,2.63604826546003,2.1633484162895926,3.9178571428571427,2.7985714285714285
incubator-milagro-mfa-sdk-android,27,27,21,4,43,4,2.0232558139534884,1.697674418604651,14,3.857142857142857,2.857142857142857,1.0930232558139534,1.0465116279069768,1.2142857142857142,1.0714285714285714
juddi-scout,564,517,335,1,205,9,5.190243902439025,3.4292682926829268,39,15.102564102564102,5.846153846153846,2.229268292682927,1.829268292682927,3.58974358974359,1.4871794871794872
qpid-jms-amqp-0-x,7580,7571,7536,6,759,37,10.974967061923584,10.974967061923584,0,0.0,0.0,3.9552042160737813,3.9552042160737813,NaN,NaN
incubator-horn,40,40,29,4,59,6,4.084745762711864,3.7288135593220337,18,7.444444444444445,6.277777777777778,1.2203389830508475,1.2203389830508475,1.2222222222222223,1.2222222222222223
couchdb-goldrush,23,23,22,1,21,3,3.761904761904762,3.7142857142857144,1,10.0,9.0,1.5238095238095237,1.4761904761904763,3.0,2.0
couchdb-ibrowse,310,31,31,0,10,47,10.1,10.1,0,0.0,0.0,5.0,5.0,NaN,NaN
libcloud,6229,5992,4146,233,2841,348,4.8553326293558605,3.575853572685674,539,17.910946196660483,11.166975881261596,1.90320309750088,1.55649419218585,4.907235621521336,3.079777365491651
ant,16208,14016,13704,148,2310,75,17.63982683982684,16.903463203463204,597,39.79396984924623,36.94472361809045,5.41038961038961,5.393073593073593,8.587939698492463,8.520938023450586
brooklyn,162,138,114,19,10,30,12.3,10.5,8,15.125,12.875,5.0,4.4,6.0,5.25
incubator-senssoft-userale-pyqt5,57,40,40,0,39,2,4.743589743589744,4.743589743589744,0,0.0,0.0,1.0512820512820513,1.0512820512820513,NaN,NaN
couchdb-mango,209,193,154,16,52,24,10.307692307692308,7.865384615384615,38,13.157894736842104,9.81578947368421,3.4615384615384617,2.230769230769231,4.184210526315789,2.5
incubator-concerted,41,41,35,4,34,4,3.323529411764706,2.823529411764706,15,3.8,2.6666666666666665,2.176470588235294,1.7941176470588236,2.8,1.9333333333333333
incubator-htrace,646,592,557,26,301,24,7.438538205980066,6.212624584717608,58,17.79310344827586,11.431034482758621,2.86046511627907,2.4385382059800667,5.396551724137931,3.206896551724138
lucy-charmonizer,540,538,527,4,78,9,23.423076923076923,21.53846153846154,48,33.75,30.6875,3.6666666666666665,2.551282051282051,4.666666666666667,2.8541666666666665
chukwa,1056,847,847,0,1035,19,4.498550724637681,4.498550724637681,0,0.0,0.0,1.786473429951691,1.786473429951691,NaN,NaN
usergrid-python,2,2,2,0,18,1,1.0555555555555556,1.0555555555555556,0,0.0,0.0,1.0,1.0,NaN,NaN
climate,2995,2190,918,436,301,56,6.498338870431894,2.372093023255814,209,8.650717703349283,2.708133971291866,2.6744186046511627,1.5149501661129567,3.3157894736842106,1.645933014354067
brooklyn-docs,1716,1579,802,366,296,60,11.253378378378379,1.9797297297297298,275,11.887272727272727,1.9054545454545455,5.077702702702703,1.429054054054054,5.381818181818182,1.4545454545454546
incubator-myriad,404,403,254,67,383,39,5.556135770234987,3.0130548302872064,154,10.707792207792208,4.383116883116883,2.8720626631853787,1.9791122715404699,4.701298701298701,2.4805194805194803
flex-flexunit,912,878,446,125,2906,40,3.0777701307639367,2.407088781830695,548,6.908759124087592,3.352189781021898,1.8172746042670338,1.5268410185822436,3.9854014598540144,2.4452554744525545
johnzon,501,496,447,5,376,13,5.454787234042553,4.611702127659575,69,18.057971014492754,13.46376811594203,2.231382978723404,2.0718085106382977,4.130434782608695,3.260869565217391
carbondata,3579,3221,1913,906,1903,165,7.086705202312139,4.097214923804519,1211,9.319570602807596,4.6218001651527665,4.162375197057278,2.6263794009458747,5.354252683732453,2.9405450041288193
couchdb-couch-replicator,491,275,227,22,35,29,11.485714285714286,10.057142857142857,15,21.666666666666668,18.333333333333332,4.4,4.114285714285714,7.066666666666666,6.4
commons-rng,502,480,335,14,343,10,4.994169096209912,3.553935860058309,105,8.352380952380953,3.6476190476190475,1.7405247813411078,1.521865889212828,2.0476190476190474,1.3333333333333333
qpid-cpp,6737,6731,6600,5,1939,39,10.251160391954615,10.219185146982982,18,30.22222222222222,26.77777777777778,2.634863331614234,2.63383187209902,5.222222222222222,5.111111111111111
usergrid-qakka,12,12,12,0,35,1,1.9714285714285715,1.9714285714285715,0,0.0,0.0,1.0,1.0,NaN,NaN
incubator-pirk,295,183,178,4,630,13,10.736507936507936,10.695238095238095,25,11.6,10.56,3.1523809523809523,3.1206349206349207,4.16,3.36
activemq-apollo,2242,2242,2242,0,1006,15,8.555666003976143,8.555666003976143,0,0.0,0.0,1.2256461232604374,1.2256461232604374,NaN,NaN
logging-log4cxx,1831,1683,1668,6,735,17,11.663945578231292,11.653061224489797,3,104.66666666666667,102.0,2.2625850340136053,2.2625850340136053,5.666666666666667,5.666666666666667
helix,3344,2872,1565,322,1764,58,5.960884353741497,3.8015873015873014,725,11.904827586206897,6.651034482758621,2.6660997732426304,2.192176870748299,4.528275862068965,3.3751724137931034
mesos,15375,14869,14861,3,2028,378,19.176528599605522,19.166173570019723,19,36.68421052631579,35.578947368421055,7.874753451676528,7.874753451676528,16.68421052631579,16.68421052631579
flex-whiteboard,309,309,309,0,177887,22,1.005644032447565,1.005644032447565,0,0.0,0.0,1.0003991297846386,1.0003991297846386,NaN,NaN
bahir-website,135,95,95,0,196,8,2.3622448979591835,2.3622448979591835,0,0.0,0.0,1.7295918367346939,1.7295918367346939,NaN,NaN
oozie,2790,2081,2080,1,1599,38,9.407129455909944,9.407129455909944,0,0.0,0.0,4.017510944340213,4.017510944340213,NaN,NaN
pdfbox-testfiles,2,2,2,0,2,1,1.0,1.0,0,0.0,0.0,1.0,1.0,NaN,NaN
brooklyn-server,12166,12027,4953,2406,2974,92,10.41761936785474,2.8732347007397445,2586,11.773781902552205,3.097447795823666,4.250168123739072,1.6533288500336247,4.730858468677495,1.7443928847641144
couchdb-erlang-tests,7,7,3,2,8,1,1.125,1.125,0,0.0,0.0,1.0,1.0,NaN,NaN
james-jdkim,136,136,136,0,148,7,3.47972972972973,3.47972972972973,0,0.0,0.0,1.4054054054054055,1.4054054054054055,NaN,NaN
jena,7163,7145,4390,441,13221,57,2.8834430073368127,2.1563421828908553,2301,9.587136027813994,5.409387222946545,1.3203237274033734,1.1772180621738144,2.325510647544546,1.5032594524119949
predictionio-template-java-ecom-recommender,27,27,26,1,30,6,3.6,3.566666666666667,1,5.0,4.0,2.1333333333333333,2.1,4.0,3.0
vxquery,1198,1155,745,35,1687,18,4.5014819205690575,3.4143449911084764,633,8.080568720379146,5.183254344391785,2.097806757557795,1.963248369887374,2.7535545023696684,2.3949447077409163
incubator-singa,865,865,517,92,394,38,6.870558375634518,3.16497461928934,248,9.419354838709678,3.532258064516129,2.720812182741117,1.7690355329949239,3.431451612903226,1.9193548387096775
geronimo-website,17,3,3,0,34,3,1.0588235294117647,1.0588235294117647,0,0.0,0.0,1.0,1.0,NaN,NaN
activemq-nms-amqp,45,44,44,0,49,3,3.061224489795918,3.061224489795918,0,0.0,0.0,1.2857142857142858,1.2857142857142858,NaN,NaN
madlib,2505,2490,1634,236,828,94,8.201690821256038,6.867149758454106,158,20.031645569620252,13.037974683544304,3.5495169082125604,3.404589371980676,5.658227848101266,4.89873417721519
polygene-sandbox,709,692,672,9,404,14,4.655940594059406,4.626237623762377,10,9.8,8.6,1.5742574257425743,1.5693069306930694,3.6,3.4
twill,372,276,267,9,342,40,5.687134502923977,5.391812865497076,14,29.5,22.285714285714285,2.3947368421052633,2.3947368421052633,5.214285714285714,5.214285714285714
clerezza-rdf-core,37,37,37,0,81,2,3.9382716049382718,3.9382716049382718,0,0.0,0.0,1.0123456790123457,1.0123456790123457,NaN,NaN
commons-dbcp,1715,1600,1595,2,161,40,24.8944099378882,24.850931677018632,7,69.0,68.0,6.422360248447205,6.385093167701863,10.0,9.142857142857142
tomee-site-generator,16,16,10,1,258,3,1.244186046511628,1.2131782945736433,3,6.666666666666667,4.0,1.1162790697674418,1.1162790697674418,3.0,3.0
incubator-ratis,431,413,177,2,365,13,5.69041095890411,5.145205479452055,165,9.50909090909091,8.303030303030303,2.2575342465753425,2.0054794520547947,3.193939393939394,2.6363636363636362
impala,7224,6827,6700,3,3646,153,12.103675260559518,11.93499725726824,240,32.25416666666667,29.691666666666666,4.984914975315414,4.911409764125069,10.204166666666667,9.0875
couchdb-chttpd,660,628,524,63,33,48,22.272727272727273,18.636363636363637,16,42.3125,34.8125,5.545454545454546,4.878787878787879,9.4375,8.0625
nifi-maven,14,14,14,0,8,3,2.625,2.625,0,0.0,0.0,1.625,1.625,NaN,NaN
whirr,760,569,569,0,536,17,6.251865671641791,6.251865671641791,0,0.0,0.0,2.218283582089552,2.218283582089552,NaN,NaN
infrastructure-packer,18,18,18,0,15,2,2.4,2.4,0,0.0,0.0,1.0666666666666667,1.0666666666666667,NaN,NaN
predictionio-sdk-python,134,122,105,15,34,23,6.0588235294117645,5.323529411764706,7,18.714285714285715,15.142857142857142,2.823529411764706,2.264705882352941,7.571428571428571,4.857142857142857
orc,531,340,340,0,1308,43,2.7744648318042815,2.7744648318042815,0,0.0,0.0,1.320336391437309,1.320336391437309,NaN,NaN
incubator-quickstep,1368,946,586,118,1365,44,6.147985347985348,4.917948717948718,327,13.321100917431192,8.186544342507645,3.340659340659341,3.087912087912088,5.703363914373089,4.648318042813456
commons-io,2113,2091,2067,10,312,58,17.881410256410255,17.766025641025642,21,70.0952380952381,68.38095238095238,5.339743589743589,5.314102564102564,9.666666666666666,9.285714285714286
polygene-java,5983,5819,804,268,3855,62,3.440985732814527,2.7029831387808043,1005,8.22587064676617,5.395024875621891,1.6824902723735409,1.4459143968871595,2.7850746268656716,1.8776119402985074
incubator-rya-site,34,20,18,1,75,7,1.36,1.32,3,4.666666666666667,3.6666666666666665,1.1866666666666668,1.1866666666666668,2.0,2.0
couchdb-couch-stats,40,40,37,3,11,7,4.636363636363637,4.454545454545454,2,11.0,10.0,2.6363636363636362,2.4545454545454546,5.5,4.5
ant-antlibs-props,60,60,60,0,42,4,2.9285714285714284,2.9285714285714284,0,0.0,0.0,1.380952380952381,1.380952380952381,NaN,NaN
storm,12615,9182,3141,2307,3026,460,4.859550561797753,1.4633179114342365,2354,5.885301614273577,1.5195412064570943,2.7032385988103105,1.2002643754130866,3.1720475785896345,1.240016992353441
couchdb-mem3,412,398,296,45,23,24,19.73913043478261,14.695652173913043,13,30.76923076923077,21.846153846153847,4.695652173913044,4.3478260869565215,6.384615384615385,5.769230769230769
couchdb-couch-event,44,44,40,2,14,6,3.857142857142857,3.642857142857143,1,6.0,3.0,1.4285714285714286,1.4285714285714286,2.0,2.0
aries-containers,52,52,52,0,37,2,3.918918918918919,3.918918918918919,0,0.0,0.0,1.027027027027027,1.027027027027027,NaN,NaN
incubator-taverna-commandline,363,361,131,9,89,14,9.52808988764045,4.213483146067416,71,11.577464788732394,4.915492957746479,2.707865168539326,1.3370786516853932,3.1267605633802815,1.408450704225352
incubator-toree-website,61,56,56,0,99,9,2.3535353535353534,2.3535353535353534,0,0.0,0.0,1.6565656565656566,1.6565656565656566,NaN,NaN
tomee,12022,10772,10563,53,7131,57,8.005328845884168,7.914037301921189,355,47.87887323943662,46.04507042253521,3.0624035899593327,3.0574954424344414,7.459154929577465,7.3605633802816905
tapestry-5,7249,5394,4644,21,4574,42,4.355050284215129,3.8891560996939223,639,13.823161189358373,10.488262910798122,1.5990380411018803,1.529733275032794,2.9139280125195617,2.4178403755868545
couchdb-jiffy,185,185,84,19,136,28,3.360294117647059,3.1691176470588234,12,16.583333333333332,14.416666666666666,1.3308823529411764,1.2205882352941178,4.0,2.75
lens,2392,2373,1421,339,1456,82,8.70054945054945,5.7651098901098905,634,16.77602523659306,10.034700315457414,3.4574175824175826,3.114010989010989,5.578864353312303,4.790220820189274
hama,1661,1594,1570,10,553,28,9.679927667269439,9.538878842676311,47,38.787234042553195,37.12765957446808,2.3273056057866186,2.2549728752260396,4.276595744680851,3.425531914893617
commons-imaging,1020,1020,1016,2,625,24,8.5264,8.3664,51,21.529411764705884,19.568627450980394,2.9968,2.984,5.352941176470588,5.196078431372549
commons-scxml,1149,1113,859,3,351,18,10.877492877492877,9.042735042735043,221,14.936651583710407,12.02262443438914,2.3789173789173788,2.219373219373219,2.9547511312217196,2.7013574660633486
samza-hello-samza,158,157,77,22,55,42,6.2727272727272725,3.4,29,10.827586206896552,5.379310344827586,3.8181818181818183,2.581818181818182,6.241379310344827,3.896551724137931
cayenne,6429,5782,5183,199,4590,52,8.776688453159041,7.908496732026144,1281,14.650273224043715,11.539422326307573,2.6777777777777776,2.446623093681917,3.87743950039032,3.0491803278688523
shiro,2009,1726,831,2,1001,33,5.3546453546453545,5.135864135864136,30,20.233333333333334,12.933333333333334,2.260739260739261,2.2117882117882117,4.6,2.966666666666667
