name,totalCommits,reachableCommits,mainBranchReachableCommits,mergeCommits,filesInTree,uniqueAuthorsInRepo,avgFullHistoryLength,avgLinearHistoryLength,filesWithDifferentHistories,avgFullHistoryLengthForFilesWithDifferentHistories,avgLinearHistoryLengthForFilesWithDifferentHistories,avgAuthorsPerFileFullHistory,avgAuthorsPerFileLinearHistory,avgAuthorsPerFileFullHistoryForFilesWithDifference,avgAuthorsPerFileLinearHistoryForFilesWithDifference
mat/org.eclipse.mat,1625,1548,1541,5,1484,10,5.318733153638814,5.3126684636118595,8,24.25,23.125,2.2324797843665767,2.2297843665768196,3.5,3.0
egit/egit,14339,5419,3861,942,2089,186,11.060794638583054,6.788894207754907,895,23.193296089385473,13.222346368715083,3.4877932024892293,3.071325993298229,6.050279329608938,5.078212290502793
egit/egit-pde,51,28,26,2,88,7,1.8181818181818181,1.8181818181818181,0,0.0,0.0,1.2840909090909092,1.2840909090909092,NaN,NaN
egit/egit-github,1549,822,623,94,454,42,10.698237885462555,6.458149779735683,132,31.916666666666668,17.333333333333332,1.7268722466960353,1.6409691629955947,2.765151515151515,2.4696969696969697
umlgen/org.eclipse.umlgen,138,81,79,2,2927,8,1.8848650495387769,1.883840109326956,3,3.3333333333333335,2.3333333333333335,1.0505637171165014,1.0505637171165014,1.0,1.0
pde/eclipse.pde.ui,16243,13112,12455,6,8236,146,7.193176299174357,7.155293831957261,116,38.83620689655172,36.14655172413793,3.0460174842156387,3.036546867411365,5.620689655172414,4.948275862068965
pde/eclipse.pde,713,634,634,0,2,23,2.5,2.5,0,0.0,0.0,2.5,2.5,NaN,NaN
pde/eclipse.pde.build,1984,1605,1605,0,446,37,10.073991031390134,10.073991031390134,0,0.0,0.0,2.3946188340807173,2.3946188340807173,NaN,NaN
sensinact/org.eclipse.sensinact.gateway,369,366,231,46,1468,5,1.8773841961852862,1.6784741144414168,141,6.219858156028369,4.148936170212766,1.3426430517711172,1.3153950953678475,2.382978723404255,2.099290780141844
sensinact/org.eclipse.sensinact.studioweb,2,2,2,0,5,1,1.2,1.2,0,0.0,0.0,1.0,1.0,NaN,NaN
jetty/org.eclipse.jetty.wtp,96,90,89,1,163,5,3.9079754601226995,3.9079754601226995,0,0.0,0.0,1.0797546012269938,1.0797546012269938,NaN,NaN
jetty/org.eclipse.jetty.releng.bundles,138,108,60,2,21,7,13.666666666666666,7.904761904761905,11,24.272727272727273,13.272727272727273,2.9523809523809526,2.857142857142857,4.181818181818182,4.0
jetty/org.eclipse.jetty.project,12362,11811,4945,1687,3787,41,21.14628993926591,7.599419065223132,2885,27.05996533795494,9.277642980935875,3.118827567995775,2.3879059941906524,3.6679376083188906,2.7084922010398613
emf/org.eclipse.emf.eson,378,157,149,8,570,8,2.7964912280701753,2.7719298245614037,13,7.769230769230769,6.6923076923076925,1.1087719298245613,1.1070175438596492,1.7692307692307692,1.6923076923076923
emf/org.eclipse.emf,9588,8522,8342,37,5895,45,6.096861747243427,5.91704834605598,343,15.927113702623906,12.83673469387755,2.6776929601357082,2.637489397794741,3.052478134110787,2.361516034985423
ocl/org.eclipse.ocl,10129,8059,7783,54,9086,15,6.584415584415584,6.489544353951134,434,17.32488479262673,15.338709677419354,1.5170592119744661,1.5057230904688532,2.175115207373272,1.9377880184331797
tracecompass/org.eclipse.tracecompass,23908,6143,5571,95,5389,89,5.595286695119689,5.3820745964000745,579,13.340241796200345,11.355785837651123,2.4420115049174242,2.360549267025422,3.9550949913644216,3.1968911917098444
tracecompass.incubator/org.eclipse.tracecompass.incubator,1072,198,198,0,1424,17,1.7191011235955056,1.7191011235955056,0,0.0,0.0,1.1292134831460674,1.1292134831460674,NaN,NaN
rmf/org.eclipse.rmf.documentation,107,102,98,1,99,2,3.8282828282828283,3.5555555555555554,25,4.32,3.24,1.5252525252525253,1.3232323232323233,2.0,1.2
rmf/org.eclipse.rmf,1848,1461,34,193,3296,15,3.443871359223301,1.9144417475728155,1071,6.529411764705882,1.822595704948646,1.4590412621359223,1.0716019417475728,2.3454715219421103,1.1531279178338
epp/org.eclipse.epp.packages,2295,1672,1643,8,590,52,13.208474576271186,13.032203389830508,49,39.38775510204081,37.265306122448976,1.9033898305084747,1.9033898305084747,2.306122448979592,2.306122448979592
epp/org.eclipse.epp.logging,1184,564,485,137,388,13,4.355670103092783,4.265463917525773,29,14.0,12.793103448275861,1.693298969072165,1.6881443298969072,3.310344827586207,3.2413793103448274
gemini.dbaccess/org.eclipse.gemini.dbaccess,117,97,96,1,217,4,2.686635944700461,2.6589861751152073,6,6.166666666666667,5.166666666666667,1.1705069124423964,1.1705069124423964,1.5,1.5
jsdt/webtools.jsdt.tests,439,343,343,0,4242,20,1.3135313531353134,1.3135313531353134,0,0.0,0.0,1.08015087223008,1.08015087223008,NaN,NaN
jsdt/webtools.jsdt.core,2032,1550,1547,2,4095,23,5.391941391941392,5.391941391941392,0,0.0,0.0,2.6317460317460317,2.6317460317460317,NaN,NaN
jsdt/webtools.jsdt,3227,2744,335,6,10753,63,3.149539663349763,2.5141820887194273,733,11.061391541609822,1.7407912687585265,1.7941969682879197,1.5766762763879847,4.586630286493861,1.3956343792633015
rcptt/org.eclipse.rcptt,1969,989,684,109,9506,23,2.6869345676414897,2.377235430254576,1389,8.563714902807776,6.444204463642909,1.7316431727330108,1.5992005049442457,3.8020158387329013,2.8956083513318935
gmf-tooling/org.eclipse.gmf-tooling,9957,8865,8575,56,10707,33,4.136452787895769,3.9967311104884655,875,11.787428571428572,10.077714285714286,1.4364434482114505,1.4173904922013636,2.0285714285714285,1.7954285714285714
mdmbl/org.eclipse.mdm.openatfx.mdf,26,26,18,5,190,6,1.736842105263158,1.7105263157894737,5,4.8,3.8,1.568421052631579,1.5473684210526315,2.4,1.6
mdmbl/org.eclipse.mdm.api.base,242,139,88,15,114,9,7.517543859649122,5.9298245614035086,83,9.108433734939759,6.927710843373494,3.017543859649123,2.4210526315789473,3.4698795180722892,2.6506024096385543
mdmbl/org.eclipse.mdm.realms,18,17,11,4,14,6,2.5714285714285716,2.5,1,4.0,3.0,1.5,1.5,2.0,2.0
mdmbl/org.eclipse.mdm.mdfsorter,19,16,10,4,72,5,2.3194444444444446,2.1944444444444446,9,3.6666666666666665,2.6666666666666665,1.7777777777777777,1.6666666666666667,2.0,1.1111111111111112
mdmbl/org.eclipse.mdm.nucleus,410,207,44,21,323,14,6.575851393188855,3.526315789473684,167,9.161676646706587,3.2634730538922154,2.21671826625387,1.826625386996904,2.81437125748503,2.059880239520958
mdmbl/org.eclipse.mdm.api.odsadapter,229,169,112,12,119,9,6.428571428571429,5.436974789915967,56,11.964285714285714,9.857142857142858,2.1848739495798317,1.9411764705882353,3.375,2.857142857142857
mdmbl/org.eclipse.mdm.api.default,91,68,40,8,30,9,7.333333333333333,6.1,19,10.789473684210526,8.842105263157896,3.3666666666666667,2.433333333333333,4.631578947368421,3.1578947368421053
mdmbl/org.eclipse.mdm.api.uml,4,4,4,0,691,3,1.0014471780028944,1.0014471780028944,0,0.0,0.0,1.0014471780028944,1.0014471780028944,NaN,NaN
mdmbl/org.eclipse.mdmbl,36,23,21,2,618,6,1.0048543689320388,1.0048543689320388,0,0.0,0.0,1.0,1.0,NaN,NaN
mosquitto/org.eclipse.mosquitto,572,454,145,12,386,11,4.072538860103627,2.582901554404145,61,16.62295081967213,7.19672131147541,1.028497409326425,1.028497409326425,1.180327868852459,1.180327868852459
skalli/org.eclipse.skalli,1003,867,866,1,2878,13,2.988533703961084,2.9881862404447532,1,10.0,9.0,1.3620569840166783,1.3620569840166783,4.0,4.0
windowbuilder/org.eclipse.windowbuilder,741,678,678,0,8613,18,1.5505631022872401,1.5505631022872401,0,0.0,0.0,1.3650296064089167,1.3650296064089167,NaN,NaN
babel/server,632,621,617,2,183,9,6.80327868852459,6.797814207650274,1,110.0,109.0,1.8852459016393444,1.8852459016393444,6.0,6.0
xwt/org.eclipse.xwt,140,137,119,19,2839,5,1.2398731947868968,1.120464952448045,329,2.9604863221884496,1.9300911854103344,1.0309968298696723,1.0147939415287073,1.249240121580547,1.1094224924012157
stem/org.eclipse.stem,4049,3887,3723,28,8459,13,3.607755053788864,3.5757181699964535,186,14.580645161290322,13.123655913978494,2.0098120345194466,2.0065019505851756,3.446236559139785,3.295698924731183
oomph/uss,130,123,123,0,174,3,3.17816091954023,3.17816091954023,0,0.0,0.0,1.0804597701149425,1.0804597701149425,NaN,NaN
oomph/org.eclipse.oomph,2504,2171,2163,8,5370,46,4.275046554934823,4.273743016759776,7,32.42857142857143,31.428571428571427,1.3467411545623835,1.3454376163873372,4.285714285714286,3.2857142857142856
cdo/cdo.incubator,1240,622,621,1,1336,5,2.769461077844311,2.768712574850299,1,5.0,4.0,1.0217065868263473,1.0217065868263473,2.0,2.0
cdo/cdo,11603,9271,8859,54,13442,40,10.977533105192679,10.023582800178545,7786,15.782173131261239,14.135242743385565,1.3115607796458861,1.2940782621633686,1.428461340868225,1.3982789622399179
systemfocus/systemfocus,5,4,4,0,645,1,1.0046511627906978,1.0046511627906978,0,0.0,0.0,1.0,1.0,NaN,NaN
nebula/org.eclipse.nebula,3498,2817,2665,50,3920,104,2.956887755102041,2.8875,161,9.490683229813664,7.801242236024844,1.7900510204081632,1.7704081632653061,2.9627329192546585,2.484472049689441
4diac/org.eclipse.4diac.ide,232,1,1,0,2508,7,1.0,1.0,0,0.0,0.0,1.0,1.0,NaN,NaN
4diac/org.eclipse.4diac.forte,876,169,60,28,1546,18,1.3822768434670116,1.3538163001293662,32,4.75,3.375,1.1377749029754205,1.130659767141009,2.0,1.65625
chemclipse/org.eclipse.chemclipse.processpeakspca,318,258,5,40,227,7,5.629955947136564,5.52863436123348,19,13.894736842105264,12.68421052631579,1.6916299559471366,1.6916299559471366,2.1052631578947367,2.1052631578947367
chemclipse/org.eclipse.chemclipse.peakdetectoramdis,8,1,1,0,70,2,1.0,1.0,0,0.0,0.0,1.0,1.0,NaN,NaN
chemclipse/org.eclipse.chemclipse.filtersavgolay,59,53,4,4,63,2,3.365079365079365,3.365079365079365,0,0.0,0.0,1.0,1.0,NaN,NaN
chemclipse/org.eclipse.chemclipse.chemclipsecore,1292,1248,6,113,4211,8,4.8810258845879835,4.634053668962242,549,8.808743169398907,6.9143897996357016,1.0524815958204703,1.044170030871527,1.2167577413479054,1.1530054644808743
chemclipse/org.eclipse.chemclipse.peakdetecchemst,65,51,4,4,68,3,3.6176470588235294,3.6176470588235294,0,0.0,0.0,1.0294117647058822,1.0294117647058822,NaN,NaN
chemclipse/org.eclipse.chemclipse.baselinesnip,61,53,4,4,66,3,3.3636363636363638,3.3636363636363638,0,0.0,0.0,1.0151515151515151,1.0151515151515151,NaN,NaN
chemclipse/org.eclipse.chemclipse.utils,50,20,3,2,23,4,1.826086956521739,1.826086956521739,0,0.0,0.0,1.173913043478261,1.173913043478261,NaN,NaN
chemclipse/org.eclipse.chemclipse.peakdetecthird,52,46,4,4,54,2,2.759259259259259,2.759259259259259,0,0.0,0.0,1.0,1.0,NaN,NaN
chemclipse/org.eclipse.chemclipse.peakdeconvdetec,74,65,4,4,101,3,4.267326732673268,4.267326732673268,0,0.0,0.0,1.6435643564356435,1.6435643564356435,NaN,NaN
chemclipse/org.eclipse.chemclipse.chemclipsems,112,95,4,7,289,5,4.608996539792387,4.432525951557094,36,6.638888888888889,5.222222222222222,1.1868512110726643,1.1833910034602075,1.4166666666666667,1.3888888888888888
ptp/org.eclipse.ptp.master,263,186,111,13,65,4,6.061538461538461,4.138461538461539,15,22.2,13.866666666666667,1.0,1.0,1.0,1.0
ptp/org.eclipse.ptp,11596,10075,8883,276,6524,52,5.58982219497241,4.701716738197425,1069,18.945743685687557,13.525724976613658,1.5062844880441446,1.4791538933169834,2.684752104770814,2.519176800748363
ptp/org.eclipse.remote,560,323,254,50,566,24,3.1007067137809186,2.8798586572438163,64,10.125,8.171875,1.362190812720848,1.314487632508834,2.796875,2.375
ptp/org.eclipse.photran,1627,1540,1440,22,2676,14,4.946562032884903,4.848654708520179,97,14.917525773195877,12.216494845360824,1.501121076233184,1.4985052316890881,1.8969072164948453,1.824742268041237
emf-transaction/org.eclipse.emf.transaction,704,608,608,0,661,10,4.3071104387291985,4.3071104387291985,0,0.0,0.0,1.388804841149773,1.388804841149773,NaN,NaN
e4/org.eclipse.e4.tools,1446,967,945,7,297,61,3.0134680134680134,2.9663299663299663,11,5.363636363636363,4.090909090909091,1.8215488215488216,1.8047138047138047,3.3636363636363638,2.909090909090909
e4/org.eclipse.e4.resources,146,140,140,0,422,7,2.9644549763033177,2.9644549763033177,0,0.0,0.0,1.1706161137440758,1.1706161137440758,NaN,NaN
e4/org.eclipse.e4.ui,1179,997,896,1,432,35,1.9699074074074074,1.9675925925925926,1,4.0,3.0,1.4097222222222223,1.4074074074074074,3.0,2.0
e4/org.eclipse.e4.databinding,1283,1200,1181,42,978,36,5.7004089979550105,5.693251533742331,4,10.25,8.5,2.5224948875255624,2.5204498977505114,4.25,3.75
e4/org.eclipse.e4.languages,293,292,292,0,589,7,3.4482173174872663,3.4482173174872663,0,0.0,0.0,1.3904923599320882,1.3904923599320882,NaN,NaN
webtools/webtools.releng,7878,6499,6499,0,2541,39,4.180637544273908,4.180637544273908,0,0.0,0.0,1.2176308539944904,1.2176308539944904,NaN,NaN
webtools/webtools.releng.aggregator,842,528,521,5,77,12,8.558441558441558,8.415584415584416,8,36.625,35.25,1.8831168831168832,1.8051948051948052,4.375,3.625
graphiti/org.eclipse.graphiti,3458,2705,2501,72,1682,22,4.9898929845422115,4.464328180737217,298,11.869127516778523,8.90268456375839,2.2187871581450653,2.109393579072533,3.708053691275168,3.0906040268456376
ogee/org.eclipse.ogee,222,145,138,7,1525,8,2.1055737704918034,2.099672131147541,7,8.0,6.714285714285714,1.802622950819672,1.800655737704918,2.857142857142857,2.4285714285714284
ecf/org.eclipse.ecf,11947,11476,10898,154,5874,37,4.677902621722846,4.510214504596527,412,16.344660194174757,13.95388349514563,1.5946544092611508,1.5629894450119168,2.5364077669902914,2.0849514563106797
tinydtls/org.eclipse.tinydtls,171,57,50,4,105,9,2.038095238095238,1.9904761904761905,5,5.8,4.8,1.3047619047619048,1.3047619047619048,2.4,2.4
sandbox/egit-training,139,21,21,0,43,46,1.9534883720930232,1.9534883720930232,0,0.0,0.0,1.3255813953488371,1.3255813953488371,NaN,NaN
emf-validation/org.eclipse.emf.validation,625,571,571,0,703,10,4.034139402560455,4.034139402560455,0,0.0,0.0,1.5433854907539117,1.5433854907539117,NaN,NaN
efxclipse/org.eclipse.efxclipse,3667,3461,2788,123,6929,21,2.767931880502237,2.5375956126425168,689,10.918722786647315,8.60232220609579,1.0572954250252562,1.0379564150671092,1.397677793904209,1.2031930333817127
uomo/org.eclipse.uomo,375,326,326,0,604,2,4.018211920529802,4.018211920529802,0,0.0,0.0,1.150662251655629,1.150662251655629,NaN,NaN
linuxtools/org.eclipse.linuxtools,23827,10430,6449,176,5006,111,6.4660407510986815,5.239912105473432,1615,11.701547987616099,7.900928792569659,2.6110667199360766,2.271074710347583,4.042724458204335,2.9888544891640865
linuxtools/org.eclipse.linuxtools.eclipse-build,903,817,583,9,47,18,3.106382978723404,3.106382978723404,0,0.0,0.0,1.425531914893617,1.425531914893617,NaN,NaN
platform/eclipse.platform.swt,34594,26290,25881,16,2784,155,21.936063218390803,21.45330459770115,568,71.55457746478874,69.18838028169014,6.3013649425287355,6.090876436781609,13.54225352112676,12.51056338028169
platform/eclipse.platform.releng,3986,3088,2711,6,414,69,11.23671497584541,10.183574879227054,108,27.453703703703702,23.416666666666668,3.7681159420289854,3.6739130434782608,6.462962962962963,6.101851851851852
platform/eclipse.platform.releng.buildtools,819,748,748,0,243,6,7.469135802469136,7.469135802469136,0,0.0,0.0,1.662551440329218,1.662551440329218,NaN,NaN
platform/eclipse.platform.ui.tools,1304,1074,1051,8,576,74,8.288194444444445,8.243055555555555,21,49.666666666666664,48.42857142857143,3.5364583333333335,3.517361111111111,12.142857142857142,11.619047619047619
platform/eclipse.platform.news,313,304,298,4,272,32,1.150735294117647,1.150735294117647,0,0.0,0.0,1.0073529411764706,1.0073529411764706,NaN,NaN
platform/eclipse.platform.releng.basebuilder,1270,1127,1127,0,576,3,6.868055555555555,6.868055555555555,0,0.0,0.0,1.1041666666666667,1.1041666666666667,NaN,NaN
platform/eclipse.platform.team,10480,8439,8374,8,2788,85,11.998206599713056,11.959827833572453,45,55.77777777777778,53.4,3.1951219512195124,3.1796987087517934,8.6,7.644444444444445
platform/eclipse.platform.runtime,5604,4268,3878,10,1024,104,8.7509765625,7.66796875,156,13.26923076923077,6.160256410256411,3.9462890625,3.6904296875,5.673076923076923,3.9935897435897436
platform/eclipse.platform.images,251,155,155,0,14720,19,1.6283967391304348,1.6283967391304348,0,0.0,0.0,1.482336956521739,1.482336956521739,NaN,NaN
platform/eclipse.platform.releng.aggregator,7275,5334,5277,3,532,46,12.558270676691729,12.402255639097744,42,43.023809523809526,41.04761904761905,1.7086466165413534,1.7086466165413534,3.0714285714285716,3.0714285714285716
platform/eclipse.platform.resources,4848,3747,3738,7,924,68,14.880952380952381,14.857142857142858,19,60.473684210526315,59.31578947368421,5.147186147186147,5.133116883116883,9.210526315789474,8.526315789473685
platform/eclipse.platform.text,8152,6660,6660,0,1773,113,12.601240834743372,12.601240834743372,0,0.0,0.0,3.3632261703327693,3.3632261703327693,NaN,NaN
platform/eclipse.platform.ui,41063,28263,25247,60,8713,450,11.178928038563066,10.170664524274073,2218,21.046889089269612,17.086113615870154,5.301847813611844,4.950877998393206,8.591523895401263,7.2128043282236245
platform/eclipse.platform.common,27331,23192,20543,12,3938,195,9.388014220416455,8.988572879634333,619,23.806138933764135,21.264943457189016,4.372524123920772,4.240985271711529,8.625201938610662,7.788368336025848
platform/eclipse.platform.ua,6011,5146,5129,7,2671,63,7.412579558217896,7.396480718831898,40,27.675,26.6,2.7588918008236614,2.7480344440284536,7.15,6.425
platform/eclipse.platform,9084,8081,7964,1,1030,95,10.836893203883495,10.501941747572815,181,28.29281767955801,26.386740331491712,3.7067961165048544,3.6,6.56353591160221,5.955801104972376
platform/eclipse.platform.releng.eclipsebuilder,4873,3664,3617,4,3,13,4.333333333333333,4.333333333333333,0,0.0,0.0,2.3333333333333335,2.3333333333333335,NaN,NaN
platform/eclipse.platform.debug,12013,10708,10684,5,2208,95,11.720561594202898,11.687952898550725,32,80.9375,78.6875,4.01856884057971,4.015851449275362,12.09375,11.90625
m2e/m2e-core,2027,1651,1580,9,1109,53,6.160504959422903,6.050495942290351,90,24.177777777777777,22.822222222222223,2.612263300270514,2.5978358881875563,5.644444444444445,5.466666666666667
servertools/webtools.servertools,3532,2912,2376,19,2718,39,6.125459896983076,6.041942604856512,86,15.767441860465116,13.127906976744185,1.8208241353936718,1.7862398822663723,3.7209302325581395,2.627906976744186
servertools/webtools.servertools.tests,424,395,395,0,452,17,4.787610619469026,4.787610619469026,0,0.0,0.0,1.7367256637168142,1.7367256637168142,NaN,NaN
jdt/eclipse.jdt.core,31211,23424,22523,42,8333,139,11.762990519620784,11.15180607224289,1083,58.57156048014774,53.86888273314866,3.014640585623425,2.9559582383295333,9.713758079409049,9.262234533702678
jdt/eclipse.jdt.ui,30555,27642,27116,40,12895,155,8.903450949980613,8.776580069794495,475,58.63157894736842,55.18736842105263,3.253431562621171,3.2234974796432727,9.202105263157895,8.389473684210527
jdt/eclipse.jdt.debug,10505,9581,9449,22,2142,79,13.34593837535014,12.622315592903828,1048,20.2118320610687,18.732824427480917,4.76937441643324,4.668067226890757,6.770038167938932,6.562977099236641
jdt/eclipse.jdt.core.binaries,51,26,26,0,17,14,3.1176470588235294,3.1176470588235294,0,0.0,0.0,2.0588235294117645,2.0588235294117645,NaN,NaN
jdt/eclipse.jdt,539,382,375,2,56,35,9.482142857142858,9.321428571428571,4,42.25,40.0,3.5892857142857144,3.5714285714285716,10.0,9.75
pdt/org.eclipse.pdt,14313,9833,9718,77,8592,44,4.828212290502793,4.758961824953445,464,20.237068965517242,18.954741379310345,2.4586824953445063,2.438198324022346,5.579741379310345,5.200431034482759
r4e/org.eclipse.mylyn.reviews.r4e,1649,904,717,111,1795,11,5.635654596100278,4.915320334261838,599,10.562604340567614,8.404006677796326,1.9788300835654595,1.9292479108635097,2.612687813021703,2.4641068447412353
eef/org.eclipse.eef,5693,3607,3311,38,4655,14,6.768421052631579,6.413104189044039,741,13.834008097165992,11.601889338731445,2.1132116004296457,2.0268528464017184,3.5114709851551957,2.968960863697706
tea/tea,86,43,41,2,421,2,1.3919239904988123,1.3895486935866983,1,2.0,1.0,1.004750593824228,1.002375296912114,2.0,1.0
openk-platform/org.eclipse.openk-platform.openk-repo,363,360,249,67,6497,8,2.691396028936432,2.352778205325535,1885,5.347480106100796,4.180371352785146,1.0843466215176236,1.079575188548561,1.1156498673740054,1.0992042440318301
diffmerge/org.eclipse.emf.diffmerge.patterns,141,127,110,16,979,9,4.351378958120531,4.227783452502553,108,7.305555555555555,6.185185185185185,1.2808988764044944,1.254341164453524,1.9537037037037037,1.712962962962963
diffmerge/org.eclipse.emf.diffmerge.coevolution,117,94,88,6,432,4,2.696759259259259,2.5972222222222223,42,4.5476190476190474,3.5238095238095237,1.3009259259259258,1.2662037037037037,2.0,1.6428571428571428
diffmerge/org.eclipse.emf.diffmerge.core,426,338,318,12,826,14,3.817191283292978,3.722760290556901,66,9.015151515151516,7.833333333333333,1.228813559322034,1.188861985472155,2.272727272727273,1.7727272727272727
diffmerge/org.eclipse.emf.diffmerge.patch,37,22,22,0,400,2,1.3225,1.3225,0,0.0,0.0,1.015,1.015,NaN,NaN
equinox/rt.equinox.p2,8247,6361,6343,4,4009,102,6.823397355949115,6.81840858069344,20,32.55,31.55,3.270641057620354,3.2691444250436517,8.95,8.65
equinox/rt.equinox.framework,5816,4640,4269,20,1812,78,7.537527593818985,5.559602649006623,422,20.26303317535545,11.770142180094787,2.253863134657837,1.9067328918322295,4.11611374407583,2.625592417061611
equinox/rt.equinox.bundles,2921,2231,2171,15,2156,103,4.470779220779221,4.315398886827459,186,11.048387096774194,9.24731182795699,2.3042671614100185,2.272727272727273,4.301075268817204,3.935483870967742
equinox/rt.equinox.binaries,386,313,313,0,43,19,21.348837209302324,21.348837209302324,0,0.0,0.0,2.7209302325581395,2.7209302325581395,NaN,NaN
dali/webtools.dali,7202,6309,6258,6,7508,24,6.010122535961641,5.906766116142781,593,17.128161888701516,15.81956155143339,2.4440596696856685,2.4196856686201387,4.448566610455312,4.139966273187184
jeetools/webtools.javaee,8887,7219,5111,15,7456,68,5.089860515021459,4.984576180257511,142,11.19718309859155,5.669014084507042,2.3146459227467813,2.2733369098712446,4.161971830985915,1.9929577464788732
jeetools/webtools.ejb,1303,1147,1147,0,746,31,5.2439678284182305,5.2439678284182305,0,0.0,0.0,2.0938337801608577,2.0938337801608577,NaN,NaN
edapt/org.eclipse.emf.edapt,545,517,365,15,1432,10,3.391759776536313,2.9951117318435756,79,11.594936708860759,4.405063291139241,1.5195530726256983,1.5146648044692737,2.1139240506329116,2.0253164556962027
om2m/org.eclipse.om2m,698,460,159,51,1805,9,3.0011080332409974,1.9612188365650969,457,6.286652078774617,2.1794310722100656,1.4731301939058172,1.3634349030470914,1.951859956236324,1.5185995623632385
viatra/org.eclipse.viatra,5595,3757,1821,159,2957,36,4.875549543456206,4.197835644234021,800,8.165,5.66,1.7592154210348325,1.5383834967872845,2.48,1.66375
viatra/org.eclipse.viatra.modelobfuscator,53,45,45,0,116,3,1.9913793103448276,1.9913793103448276,0,0.0,0.0,1.4913793103448276,1.4913793103448276,NaN,NaN
viatra/org.eclipse.viatra.examples,407,309,300,10,1453,14,1.9717825189263594,1.9704060564349621,2,17.5,16.5,1.3936682725395733,1.3936682725395733,3.0,3.0
usssdk/org.eclipse.usssdk,95,43,42,1,236,7,1.5084745762711864,1.5,2,6.0,5.0,1.0677966101694916,1.0677966101694916,2.5,2.5
tcf/org.eclipse.tcf.agent,2673,2529,2488,24,342,39,24.18421052631579,24.10233918128655,21,67.61904761904762,66.28571428571429,3.6578947368421053,3.6228070175438596,7.285714285714286,6.714285714285714
tcf/org.eclipse.tcf,5082,4783,4467,71,2870,45,8.733101045296166,8.178397212543555,808,11.92079207920792,9.950495049504951,2.268292682926829,2.244250871080139,2.099009900990099,2.0136138613861387
emfcompare/org.eclipse.emf.compare,9021,4543,4356,95,13559,40,1.9946161221329006,1.93686850062689,476,14.529411764705882,12.884453781512605,1.3571797330186592,1.3495833026034367,4.277310924369748,4.060924369747899
emfcompare/org.eclipse.emf.compare-releng,45,44,44,0,26,7,4.3076923076923075,4.3076923076923075,0,0.0,0.0,1.2307692307692308,1.2307692307692308,NaN,NaN
emfcompare/acceptance-submodules/testGitExtLibraryID,4,3,3,0,2,1,1.5,1.5,0,0.0,0.0,1.0,1.0,NaN,NaN
emfcompare/acceptance-submodules/testGitUMLDesigner,3,2,2,0,6,1,1.3333333333333333,1.3333333333333333,0,0.0,0.0,1.0,1.0,NaN,NaN
emfcompare/acceptance-submodules/testGitUML,4,3,3,0,2,1,1.5,1.5,0,0.0,0.0,1.0,1.0,NaN,NaN
emfcompare/acceptance-submodules/testGitExtLibrary,4,3,3,0,2,1,1.5,1.5,0,0.0,0.0,1.0,1.0,NaN,NaN
emfcompare/acceptance-submodules/testGitUMLStereotyped,3,2,2,0,2,1,1.5,1.5,0,0.0,0.0,1.0,1.0,NaN,NaN
emfcompare/org.eclipse.emf.compare-cli,136,75,75,0,541,2,1.634011090573013,1.634011090573013,0,0.0,0.0,1.077634011090573,1.077634011090573,NaN,NaN
emfcompare/org.eclipse.emf.compare-acceptance,18,10,10,0,69,1,1.0724637681159421,1.0724637681159421,0,0.0,0.0,1.0,1.0,NaN,NaN
webservices/webtools.webservices,4861,4283,3286,15,10382,53,3.8435754189944134,3.7254864188017724,202,7.707920792079208,1.6386138613861385,2.425255249470237,2.3827778848006163,3.4702970297029703,1.2871287128712872
webservices/webtools.webservices.jaxws,395,366,366,0,1238,9,2.9765751211631666,2.9765751211631666,0,0.0,0.0,1.308562197092084,1.308562197092084,NaN,NaN
z_webmaster/testdir,20,7,7,0,2,3,3.5,3.5,0,0.0,0.0,1.0,1.0,NaN,NaN
z_webmaster/testhook,14,14,14,0,6,1,2.3333333333333335,2.3333333333333335,0,0.0,0.0,1.0,1.0,NaN,NaN
z_webmaster/test_matt,11,5,5,0,1,4,5.0,5.0,0,0.0,0.0,2.0,2.0,NaN,NaN
osee/org.eclipse.ote,625,417,195,139,428,16,2.4953271028037385,1.8014018691588785,111,4.54054054054054,1.864864864864865,1.544392523364486,1.310747663551402,2.279279279279279,1.3783783783783783
osee/org.eclipse.osee,37919,15635,15635,0,9529,42,10.189211879525658,10.189211879525658,0,0.0,0.0,3.180711512225837,3.180711512225837,NaN,NaN
lyo/org.eclipse.lyo.core,580,346,297,48,404,23,5.091584158415841,4.623762376237623,109,9.504587155963304,7.770642201834862,2.4084158415841586,2.287128712871287,3.311926605504587,2.8623853211009176
lyo/org.eclipse.lyo.testsuite,227,158,150,6,370,13,3.4108108108108106,3.327027027027027,19,7.2105263157894735,5.578947368421052,1.8054054054054054,1.7891891891891891,2.8421052631578947,2.526315789473684
lyo/org.eclipse.lyo.rio,269,196,184,12,604,13,2.3741721854304636,2.1440397350993377,71,5.169014084507042,3.211267605633803,1.5562913907284768,1.5016556291390728,2.183098591549296,1.7183098591549295
lyo/org.eclipse.lyo.adapter.simulink,12,8,8,0,141,2,1.0567375886524824,1.0567375886524824,0,0.0,0.0,1.0,1.0,NaN,NaN
lyo/org.eclipse.lyo.ldp,162,111,98,13,109,5,4.743119266055046,4.495412844036697,14,12.642857142857142,10.714285714285714,1.926605504587156,1.889908256880734,2.7857142857142856,2.5
lyo/org.eclipse.lyo.tools,223,96,85,11,476,8,2.476890756302521,2.3970588235294117,31,5.645161290322581,4.419354838709677,1.3235294117647058,1.3214285714285714,1.4838709677419355,1.4516129032258065
lyo/org.eclipse.lyo.server,160,104,100,4,236,13,1.9110169491525424,1.8855932203389831,6,5.0,4.0,1.3135593220338984,1.3135593220338984,2.1666666666666665,2.1666666666666665
lyo/org.eclipse.lyo.adapter.magicdraw,6,2,2,0,227,2,1.0,1.0,0,0.0,0.0,1.0,1.0,NaN,NaN
lyo/org.eclipse.lyo.docs,114,71,68,3,691,14,1.442836468885673,1.4283646888567294,10,4.9,3.9,1.2214182344428364,1.211287988422576,2.6,1.9
lyo/org.eclipse.lyo.client,267,164,149,16,133,20,3.8421052631578947,3.7593984962406015,9,15.222222222222221,14.0,2.045112781954887,2.0150375939849625,5.222222222222222,4.777777777777778
acceleo/org.eclipse.acceleo,5585,3744,3710,10,4799,16,3.9241508647634924,3.8818503854969784,61,16.147540983606557,12.819672131147541,1.8226713898728901,1.8224630131277348,2.19672131147541,2.180327868852459
planeteclipse.org/planeteclipse.org,1007,980,980,0,204,34,4.083333333333333,4.083333333333333,0,0.0,0.0,1.3137254901960784,1.3137254901960784,NaN,NaN
jgit/jgit,16333,5844,3792,1143,2006,262,14.165004985044865,7.567796610169491,1125,23.368,11.604444444444445,4.129611166500498,3.4995014955134596,5.830222222222222,4.706666666666667
camf/org.eclipse.camf,37,21,16,1,1195,5,1.3263598326359833,1.307949790794979,18,5.444444444444445,4.222222222222222,1.1472803347280334,1.1322175732217574,2.388888888888889,1.3888888888888888
mylyn/org.eclipse.mylyn.commons,2422,1877,1872,1,1277,29,5.664056382145654,5.661707126076743,3,28.666666666666668,27.666666666666668,1.9318715740015662,1.9318715740015662,4.666666666666667,4.666666666666667
mylyn/org.eclipse.mylyn.reviews,2783,989,877,61,1065,48,5.505164319248826,5.127699530516432,190,12.547368421052632,10.43157894736842,2.2544600938967134,2.220657276995305,3.4526315789473685,3.263157894736842
mylyn/org.eclipse.mylyn.tasks,11250,8807,8766,8,2163,65,15.446139620896902,15.368932038834952,127,49.22834645669291,47.91338582677165,2.0221914008321775,2.0064724919093853,4.118110236220472,3.8503937007874014
mylyn/org.eclipse.mylyn.docs,2628,1518,1506,6,2302,52,7.370981754995656,7.3501303214596,44,31.0,29.90909090909091,2.431798436142485,2.4287576020851436,5.454545454545454,5.295454545454546
mylyn/org.eclipse.mylyn.builds,958,652,644,6,575,24,5.3078260869565215,5.293913043478261,5,21.8,20.2,1.9756521739130435,1.9739130434782608,4.4,4.2
mylyn/org.eclipse.mylyn.versions,253,181,181,0,220,16,5.695454545454545,5.695454545454545,0,0.0,0.0,2.190909090909091,2.190909090909091,NaN,NaN
mylyn/org.eclipse.mylyn.context,3634,2985,2985,0,984,23,15.334349593495935,15.334349593495935,0,0.0,0.0,1.967479674796748,1.967479674796748,NaN,NaN
mylyn/org.eclipse.mylyn.context.mft,79,40,40,0,306,5,1.9607843137254901,1.9607843137254901,0,0.0,0.0,1.326797385620915,1.326797385620915,NaN,NaN
mylyn/org.eclipse.mylyn.docs.vex,1547,1444,1227,26,973,15,7.088386433710174,6.289825282631038,188,16.638297872340427,12.50531914893617,1.7297019527235356,1.71120246659815,2.3031914893617023,2.2074468085106385
mylyn/org.eclipse.mylyn,2092,1614,1614,0,185,23,8.913513513513514,8.913513513513514,0,0.0,0.0,1.8702702702702703,1.8702702702702703,NaN,NaN
mylyn/org.eclipse.mylyn.incubator,1605,1459,1446,4,807,13,7.8574969021065675,7.847583643122676,8,47.125,46.125,1.5526641883519208,1.5526641883519208,3.0,3.0
mylyn/org.eclipse.mylyn.all,2198,1807,1806,1,8,73,5.875,5.875,0,0.0,0.0,1.25,1.25,NaN,NaN
eclipsescada/org.eclipse.scada.chart,134,75,75,0,106,3,2.9622641509433962,2.9622641509433962,0,0.0,0.0,1.0943396226415094,1.0943396226415094,NaN,NaN
eclipsescada/org.eclipse.scada.releng,714,630,510,31,266,3,4.646616541353383,4.131578947368421,40,16.625,13.2,1.1766917293233083,1.1766917293233083,1.825,1.825
eclipsescada/org.eclipse.scada.utils,264,191,180,2,522,4,2.024904214559387,1.9444444444444444,36,6.694444444444445,5.527777777777778,1.0919540229885059,1.0919540229885059,1.8888888888888888,1.8888888888888888
eclipsescada/org.eclipse.scada.hmi,408,333,322,2,2733,3,1.8869374313940726,1.8825466520307355,10,7.0,5.8,1.052689352360044,1.052689352360044,1.2,1.2
eclipsescada/org.eclipse.scada.ide,786,683,650,10,4219,6,2.903294619578099,2.8449869637354825,201,10.542288557213931,9.318407960199005,1.0867504147902347,1.082484000948092,1.3582089552238805,1.2686567164179106
eclipsescada/org.eclipse.scada.deploy,414,342,327,4,165,3,4.503030303030303,4.357575757575757,14,14.357142857142858,12.642857142857142,1.2666666666666666,1.2606060606060605,2.142857142857143,2.0714285714285716
eclipsescada/org.eclipse.scada.core,628,546,508,14,3599,4,1.9744373437065852,1.9113642678521812,212,5.830188679245283,4.759433962264151,1.0777993887190886,1.0777993887190886,1.1084905660377358,1.1084905660377358
titan/titan.Applications.IoT_Loadtest_Framework,4,4,4,0,10,3,1.3,1.3,0,0.0,0.0,1.3,1.3,NaN,NaN
titan/titan.ProtocolModules.CoAP,12,9,9,0,10,3,1.5,1.5,0,0.0,0.0,1.3,1.3,NaN,NaN
titan/titan.Libraries.Web_GUI,15,15,13,2,552,3,1.039855072463768,1.039855072463768,0,0.0,0.0,1.016304347826087,1.016304347826087,NaN,NaN
titan/titan.ApplicationLibraries.MQTT,6,6,5,1,9,2,1.3333333333333333,1.3333333333333333,0,0.0,0.0,1.2222222222222223,1.2222222222222223,NaN,NaN
titan/titan.ApplicationLibraries.CoAP,5,5,5,0,10,3,1.9,1.9,0,0.0,0.0,1.8,1.8,NaN,NaN
titan/titan.ApplicationLibraries.MBT,5,5,5,0,9,3,1.2222222222222223,1.2222222222222223,0,0.0,0.0,1.2222222222222223,1.2222222222222223,NaN,NaN
titan/titan.ProtocolEmulations.SCCP,4,4,4,0,16,2,1.125,1.125,0,0.0,0.0,1.0625,1.0625,NaN,NaN
titan/titan.Libraries.ServiceFramework,11,10,10,0,110,2,1.1272727272727272,1.1272727272727272,0,0.0,0.0,1.0727272727272728,1.0727272727272728,NaN,NaN
titan/titan.ApplicationLibraries.HTTP,4,3,3,0,40,2,1.05,1.05,0,0.0,0.0,1.05,1.05,NaN,NaN
titan/titan.Libraries.CLL,35,15,12,3,1788,4,1.0044742729306488,1.0044742729306488,0,0.0,0.0,1.0039149888143177,1.0039149888143177,NaN,NaN
titan/titan.ApplicationLibraries.LWM2M,8,5,5,0,14,4,1.7857142857142858,1.7857142857142858,0,0.0,0.0,1.7857142857142858,1.7857142857142858,NaN,NaN
titan/titan.Applications.RIoT,10,9,7,2,35,5,1.3714285714285714,1.3714285714285714,0,0.0,0.0,1.3142857142857143,1.3142857142857143,NaN,NaN
titan/titan.Applications.IoT_Functiontest_Framework,5,4,4,0,20,4,1.3,1.3,0,0.0,0.0,1.25,1.25,NaN,NaN
titan/titan.ProtocolModules.MQTT,12,12,12,0,14,3,2.0,2.0,0,0.0,0.0,1.1428571428571428,1.1428571428571428,NaN,NaN
titan/titan.ProtocolModules.OPC_UA,5,4,4,0,21,3,1.9047619047619047,1.9047619047619047,0,0.0,0.0,1.9047619047619047,1.9047619047619047,NaN,NaN
efm/org.eclipse.efm-modeling,190,86,86,0,2994,7,1.4759519038076152,1.4759519038076152,0,0.0,0.0,1.305945223780895,1.305945223780895,NaN,NaN
efm/org.eclipse.efm-symbex,19,4,4,0,831,2,1.0072202166064983,1.0072202166064983,0,0.0,0.0,1.0,1.0,NaN,NaN
henshin/org.eclipse.emft.henshin,2637,2388,2281,59,1851,21,6.982171799027553,6.792544570502431,187,12.72192513368984,10.844919786096257,2.380875202593193,2.325769854132901,3.144385026737968,2.5989304812834226
egerrit/org.eclipse.egerrit,3285,1195,960,224,1037,11,3.5419479267116682,2.9990356798457087,269,8.858736059479554,6.765799256505576,1.587270973963356,1.5380906460945034,2.4312267657992566,2.241635687732342
handly/org.eclipse.handly,494,396,396,0,819,5,4.833943833943834,4.833943833943834,0,0.0,0.0,1.0647130647130647,1.0647130647130647,NaN,NaN
swtbot/org.eclipse.swtbot,1569,1007,949,16,1572,52,3.948473282442748,3.712468193384224,197,12.964467005076141,11.081218274111675,1.8104325699745547,1.758905852417303,3.9086294416243654,3.49746192893401
rap/incubator/org.eclipse.rap.incubator.chart,66,20,20,0,92,5,1.826086956521739,1.826086956521739,0,0.0,0.0,1.2173913043478262,1.2173913043478262,NaN,NaN
rap/incubator/org.eclipse.rap.incubator.e4,133,122,112,3,428,7,2.0771028037383177,1.8785046728971964,75,2.76,1.6266666666666667,1.0957943925233644,1.0957943925233644,1.1333333333333333,1.1333333333333333
rap/incubator/org.eclipse.rap.incubator.releng,80,75,75,0,8,4,7.75,7.75,0,0.0,0.0,1.5,1.5,NaN,NaN
rap/incubator/org.eclipse.rap.incubator.richtext,21,13,13,0,134,3,1.4179104477611941,1.4179104477611941,0,0.0,0.0,1.2761194029850746,1.2761194029850746,NaN,NaN
rap/org.eclipse.rap.tools,1125,868,854,4,413,10,8.038740920096853,7.208232445520581,31,20.677419354838708,9.612903225806452,3.23728813559322,3.108958837772397,4.419354838709677,2.7096774193548385
rap/org.eclipse.rap,11461,9456,8956,97,7724,35,6.001424132573796,5.175556706369757,1353,20.54249815225425,15.82779009608278,1.989642672190575,1.893837389953392,3.3348115299334813,2.787878787878788
hudson/org.eclipse.hudson.test.harness,47,47,46,1,222,4,1.7297297297297298,1.7297297297297298,0,0.0,0.0,1.1081081081081081,1.1081081081081081,NaN,NaN
hudson/org.eclipse.hudson.maven-hpi-plugin,40,40,39,1,36,3,2.6944444444444446,2.6666666666666665,1,25.0,24.0,1.0277777777777777,1.0,2.0,1.0
hudson/org.eclipse.hudson.stapler,56,56,53,2,426,4,2.0140845070422535,2.0140845070422535,0,0.0,0.0,1.0422535211267605,1.0422535211267605,NaN,NaN
hudson/org.eclipse.hudson.core,1646,1558,1036,98,6704,20,2.506563245823389,1.8421837708830548,1587,6.909892879647133,4.103339634530561,1.285799522673031,1.2268794749403342,1.9489603024574669,1.7000630119722748
app4mc/org.eclipse.app4mc.web,50,50,49,1,1881,5,1.0281765018607123,1.0276448697501328,1,2.0,1.0,1.0063795853269537,1.0058479532163742,2.0,1.0
app4mc/org.eclipse.app4mc,884,778,613,25,4341,14,2.74775397373877,2.2573139829532365,746,8.603217158176944,5.749329758713137,1.2241419027873761,1.1686247408431236,1.7868632707774799,1.4638069705093835
app4mc/org.eclipse.app4mc.tools,40,40,33,1,617,3,1.494327390599676,1.46677471636953,8,3.375,1.25,1.1620745542949757,1.1507293354943273,2.0,1.125
app4mc/org.eclipse.app4mc.examples,171,147,134,8,382,6,1.7015706806282722,1.6570680628272252,15,5.2,4.066666666666666,1.0785340314136125,1.0785340314136125,1.2666666666666666,1.2666666666666666
bpmn2-modeler/org.eclipse.bpmn2-modeler,2087,1424,1174,80,1844,12,9.719088937093275,3.658351409978308,1117,14.338406445837064,4.333034914950761,1.1729934924078091,1.116052060737527,1.2748433303491495,1.180841539838854
gendoc/org.eclipse.gendoc,340,152,133,19,1029,12,1.5937803692905734,1.522837706511176,68,3.7941176470588234,2.7205882352941178,1.3255587949465502,1.3100097181729835,2.1029411764705883,1.8676470588235294
egf/org.eclipse.emf.egf,4653,4427,4420,7,19934,9,2.7036219524430622,2.703371124711548,5,5.6,4.6,1.2433530651148792,1.2433530651148792,1.4,1.4
mdht/org.eclipse.mdht,289,213,176,37,8255,7,2.308661417322835,1.8996971532404603,1651,4.785584494245912,2.74076317383404,1.3744397334948517,1.327680193821926,2.0012113870381585,1.7674136886735312
gmf-notation/org.eclipse.gmf.notation,303,262,262,0,538,14,3.8215613382899627,3.8215613382899627,0,0.0,0.0,1.9646840148698885,1.9646840148698885,NaN,NaN
pmf/org.eclipse.pmf,113,94,79,14,1961,4,1.6287608363080062,1.6129525752167262,23,5.6521739130434785,4.304347826086956,1.3957164711881693,1.3957164711881693,1.9130434782608696,1.9130434782608696
orbit/orbit-recipes,620,249,230,17,1389,25,1.9308855291576674,1.9071274298056156,25,10.68,9.36,1.3189344852411806,1.3160547156227502,3.64,3.48
papyrus-rt/org.eclipse.papyrus-rt,5234,1577,1432,22,5720,36,3.3629370629370627,3.1805944055944058,703,8.388335704125177,6.904694167852063,1.6017482517482518,1.5643356643356643,2.7197724039829305,2.415362731152205
simopenpass/simopenpass,30,30,27,2,742,4,2.6805929919137466,2.215633423180593,185,4.7405405405405405,2.8756756756756756,1.5997304582210243,1.376010781671159,2.091891891891892,1.1945945945945946
uml2/org.eclipse.uml2,3088,2706,2512,41,4073,10,9.975448072673705,9.752025534004419,419,14.403341288782816,12.231503579952268,1.8563712251411735,1.7701939602258778,3.424821002386635,2.587112171837709
intent/org.eclipse.mylyn.docs.intent.main,946,921,826,6,2585,7,3.039458413926499,2.8611218568665375,198,11.823232323232324,9.494949494949495,1.2665377176015473,1.253384912959381,2.015151515151515,1.8434343434343434
cbi/org.eclipse.cbi.p2repo.aggregator,1891,1821,1818,3,1027,12,4.9629990262901655,4.939629990262902,22,7.045454545454546,5.954545454545454,2.0613437195715676,2.0613437195715676,2.0454545454545454,2.0454545454545454
cbi/org.eclipse.cbi.p2repo.analyzers,435,404,328,8,214,6,6.163551401869159,4.537383177570093,118,6.9576271186440675,4.008474576271187,1.658878504672897,1.144859813084112,2.1186440677966103,1.1864406779661016
cbi/org.eclipse.license,47,39,39,0,12,7,6.083333333333333,6.083333333333333,0,0.0,0.0,2.8333333333333335,2.8333333333333335,NaN,NaN
cbi/org.eclipse.cbi.examples,6,4,4,0,19,2,1.105263157894737,1.105263157894737,0,0.0,0.0,1.0,1.0,NaN,NaN
cbi/org.eclipse.cbi,609,434,430,4,538,22,2.7342007434944238,2.7323420074349443,1,18.0,17.0,1.412639405204461,1.4107806691449813,3.0,2.0
m2e-wtp/org.eclipse.m2e.wtp,345,275,219,2,374,12,3.943850267379679,3.7112299465240643,36,10.305555555555555,7.888888888888889,1.0775401069518717,1.0748663101604279,1.1666666666666667,1.1388888888888888
emf-query/org.eclipse.emf.query,601,546,546,0,433,8,4.6235565819861435,4.6235565819861435,0,0.0,0.0,1.4064665127020786,1.4064665127020786,NaN,NaN
websites/dev.eclipse.org,659,305,284,12,1048,8,1.6059160305343512,1.5572519083969465,42,7.166666666666667,5.9523809523809526,1.1822519083969465,1.1698473282442747,2.4047619047619047,2.0952380952380953
websites/events.eclipse.org,235,211,203,4,56,11,4.839285714285714,4.75,2,95.0,92.5,1.3571428571428572,1.3392857142857142,7.0,6.5
papyrus/org.eclipse.papyrus-requirements,125,54,50,4,1803,9,2.225180255130338,2.2190793122573487,11,5.0,4.0,1.07210205213533,1.0698835274542429,2.4545454545454546,2.090909090909091
papyrus/org.eclipse.papyrus-designer,830,301,265,3,3299,10,2.5174295240982114,2.3804183085783572,160,12.66875,9.84375,1.3722340103061534,1.341618672324947,2.84375,2.2125
papyrus/org.eclipse.papyrus-sysml11,32,13,11,2,2521,6,1.0095200317334392,1.0095200317334392,0,0.0,0.0,1.006743355811186,1.006743355811186,NaN,NaN
papyrus/org.eclipse.papyrus-collaborativemodeling,190,82,66,16,1544,10,1.8724093264248705,1.8594559585492227,17,6.9411764705882355,5.764705882352941,1.4650259067357514,1.461139896373057,3.176470588235294,2.823529411764706
papyrus/org.eclipse.papyrus-iotml,35,25,25,0,297,2,3.063973063973064,3.063973063973064,0,0.0,0.0,1.6195286195286196,1.6195286195286196,NaN,NaN
papyrus/org.eclipse.papyrus-schedule,14,2,2,0,113,1,1.0353982300884956,1.0353982300884956,0,0.0,0.0,1.0,1.0,NaN,NaN
papyrus/org.eclipse.papyrus-interoperability,147,46,41,5,6640,5,1.052710843373494,1.0396084337349398,60,3.45,2.0,1.0159638554216868,1.0134036144578313,1.65,1.3666666666666667
papyrus/org.eclipse.papyrus,34275,16059,12725,896,31282,136,6.1189182277348,3.9846557125503486,17946,9.110498161150117,5.39022623425833,4.0156959273703725,2.786043091873921,5.785746127270701,3.642315836398083
papyrus/org.eclipse.papyrus-bpmn,46,24,22,2,788,5,1.2906091370558375,1.281725888324873,7,3.7142857142857144,2.7142857142857144,1.1446700507614214,1.1446700507614214,2.0,2.0
papyrus/org.eclipse.papyrus.incubation,117,46,46,0,1846,5,2.4739978331527626,2.4739978331527626,0,0.0,0.0,1.6403033586132179,1.6403033586132179,NaN,NaN
papyrus/org.eclipse.papyrus-productline,29,12,12,0,42,1,2.857142857142857,2.857142857142857,0,0.0,0.0,1.0,1.0,NaN,NaN
papyrus/org.eclipse.papyrus-sysml,1471,525,525,0,1389,15,4.543556515478762,4.543556515478762,0,0.0,0.0,1.539236861051116,1.539236861051116,NaN,NaN
papyrus/org.eclipse.papyrus-robotml,70,29,29,0,1597,3,1.1997495303694428,1.1997495303694428,0,0.0,0.0,1.1202254226675015,1.1202254226675015,NaN,NaN
papyrus/org.eclipse.papyrus-informationmodeling,91,43,43,0,317,7,1.7160883280757098,1.7160883280757098,0,0.0,0.0,1.3217665615141956,1.3217665615141956,NaN,NaN
papyrus/org.eclipse.papyrus-moka,535,292,274,1,1749,9,3.5551743853630646,3.497427101200686,66,4.9393939393939394,3.409090909090909,1.7524299599771298,1.7112635791881075,2.409090909090909,1.3181818181818181
papyrus/org.eclipse.papyrus.tools,552,148,148,0,988,18,1.7864372469635628,1.7864372469635628,0,0.0,0.0,1.124493927125506,1.124493927125506,NaN,NaN
papyrus/org.eclipse.papyrus-marte,24,13,13,0,1602,4,1.260923845193508,1.260923845193508,0,0.0,0.0,1.1878901373283395,1.1878901373283395,NaN,NaN
papyrus/org.eclipse.papyrus-designer-extra,7,7,7,0,989,2,1.0394337714863497,1.0394337714863497,0,0.0,0.0,1.0,1.0,NaN,NaN
ease/org.eclipse.ease.modules,568,314,283,31,238,13,3.735294117647059,3.3781512605042017,61,8.01639344262295,6.622950819672131,1.4369747899159664,1.319327731092437,2.1311475409836067,1.6721311475409837
ease/org.eclipse.ease.core,1754,868,806,59,1398,19,3.4542203147353363,3.321173104434907,110,11.372727272727273,9.681818181818182,1.2181688125894135,1.2031473533619457,1.9,1.709090909090909
ease/org.eclipse.ease.scripts,46,33,28,5,188,5,1.101063829787234,1.0957446808510638,1,2.0,1.0,1.0053191489361701,1.0053191489361701,1.0,1.0
xsd/org.eclipse.xsd,1417,1280,1280,0,885,9,5.4711864406779664,5.4711864406779664,0,0.0,0.0,2.5084745762711864,2.5084745762711864,NaN,NaN
cdt/org.eclipse.tools.templates,47,38,36,2,52,5,2.3653846153846154,2.326923076923077,2,4.5,3.5,1.4038461538461537,1.4038461538461537,1.5,1.5
cdt/org.eclipse.launchbar,304,157,155,2,197,15,3.7918781725888326,3.7766497461928936,3,17.666666666666668,16.666666666666668,2.030456852791878,2.030456852791878,4.666666666666667,4.666666666666667
cdt/org.eclipse.cdt,35255,25753,23634,141,14541,277,7.815005845540196,7.382986039474589,2290,20.223144104803495,17.47991266375546,3.2948903101574856,3.221580358984939,5.4947598253275105,5.029257641921397
nattable/org.eclipse.nebula.widgets.nattable,1575,1178,1013,69,1910,34,5.286387434554974,4.806282722513089,578,9.292387543252595,7.705882352941177,1.96282722513089,1.7329842931937174,2.7802768166089966,2.0207612456747404
lsp4e/lsp4e,739,262,258,4,252,24,4.7063492063492065,4.682539682539683,5,25.6,24.4,2.0714285714285716,2.0714285714285716,5.8,5.8
webtools-common/webtools.common,4186,3494,2551,7,2385,50,5.889308176100629,5.448218029350105,201,6.537313432835821,1.3034825870646767,2.1547169811320757,1.9945492662473794,3.084577114427861,1.1840796019900497
tigerstripe/org.eclipse.tigerstripe,3624,3441,3393,11,8256,18,2.9572432170542635,2.943798449612403,54,22.462962962962962,20.40740740740741,1.4895833333333333,1.486797480620155,5.574074074074074,5.148148148148148
recommenders.incubator/org.eclipse.recommenders.livedoc,410,153,120,32,154,4,6.305194805194805,5.363636363636363,64,12.46875,10.203125,1.8766233766233766,1.8181818181818181,2.6875,2.546875
recommenders.incubator/org.eclipse.recommenders.snipmatch,453,126,116,10,157,7,3.515923566878981,3.2356687898089174,32,4.4375,3.0625,1.6305732484076434,1.624203821656051,1.3125,1.28125
recommenders.incubator/org.eclipse.recommenders.snipmatch.snippets,14,10,10,0,83,3,2.4096385542168677,2.4096385542168677,0,0.0,0.0,1.4939759036144578,1.4939759036144578,NaN,NaN
recommenders.incubator/org.eclipse.recommenders.stats,395,106,101,5,151,7,3.6821192052980134,3.5298013245033113,20,7.05,5.9,1.7748344370860927,1.7549668874172186,2.7,2.55
recommenders.incubator/org.eclipse.recommenders.privacy,337,76,76,0,132,4,5.25,5.25,0,0.0,0.0,1.4545454545454546,1.4545454545454546,NaN,NaN
recommenders.incubator/org.eclipse.recommenders.logging,46,6,6,0,60,4,1.6666666666666667,1.6666666666666667,0,0.0,0.0,1.65,1.65,NaN,NaN
recommenders.incubator/org.eclipse.recommenders.args,15,11,5,4,0,1,NaN,NaN,0,0.0,0.0,NaN,NaN,NaN,NaN
recommenders.incubator/org.eclipse.recommenders.codesearch,71,31,30,1,158,5,4.113924050632911,4.113924050632911,0,0.0,0.0,2.8037974683544302,2.8037974683544302,NaN,NaN
statet/org.eclipse.statet-r,2,2,2,0,2107,1,1.7522543901281442,1.7522543901281442,0,0.0,0.0,1.0,1.0,NaN,NaN
statet/org.eclipse.statet-eutils,2,2,2,0,58,1,1.4655172413793103,1.4655172413793103,0,0.0,0.0,1.0,1.0,NaN,NaN
statet/org.eclipse.statet,2,2,2,0,1,1,2.0,2.0,0,0.0,0.0,1.0,1.0,NaN,NaN
statet/org.eclipse.statet-rj,2,2,2,0,598,1,1.6270903010033444,1.6270903010033444,0,0.0,0.0,1.0,1.0,NaN,NaN
statet/org.eclipse.statet-ltk,2,2,2,0,422,1,1.8507109004739337,1.8507109004739337,0,0.0,0.0,1.0,1.0,NaN,NaN
statet/org.eclipse.statet-commons,2,2,2,0,1154,1,1.783362218370884,1.783362218370884,0,0.0,0.0,1.0,1.0,NaN,NaN
statet/org.eclipse.statet-docmlet,2,2,2,0,1068,1,1.6132958801498127,1.6132958801498127,0,0.0,0.0,1.0,1.0,NaN,NaN
mpc/org.eclipse.epp.mpc,836,752,663,32,490,18,6.030612244897959,5.548979591836734,88,19.022727272727273,16.34090909090909,1.7693877551020407,1.7387755102040816,2.8636363636363638,2.6931818181818183
facet/org.eclipse.emf.facet.main,4132,3727,3603,86,3572,8,4.319708846584547,4.1550951847704365,145,24.69655172413793,20.641379310344828,1.6553751399776035,1.6531354983202688,2.9655172413793105,2.910344827586207
amalgam/org.eclipse.amalgam,1214,1073,1052,15,472,25,3.0783898305084745,3.0233050847457625,17,11.294117647058824,9.764705882352942,1.9894067796610169,1.9682203389830508,5.411764705882353,4.823529411764706
sisu/org.eclipse.sisu.inject,541,521,521,0,364,6,7.769230769230769,7.769230769230769,0,0.0,0.0,1.0164835164835164,1.0164835164835164,NaN,NaN
sisu/org.eclipse.sisu.plexus,307,305,305,0,206,3,8.25242718446602,8.25242718446602,0,0.0,0.0,1.0145631067961165,1.0145631067961165,NaN,NaN
sisu/org.eclipse.sisu.mojos,73,67,67,0,10,2,8.8,8.8,0,0.0,0.0,1.4,1.4,NaN,NaN
paho/org.eclipse.paho.mqtt.lua,16,13,12,1,23,5,2.0,1.6521739130434783,2,6.0,2.0,1.7391304347826086,1.5217391304347827,3.5,1.0
bpel/org.eclipse.bpel,1075,1043,998,26,2730,18,3.4923076923076923,3.378021978021978,148,11.97972972972973,9.871621621621621,2.187179487179487,2.154945054945055,3.945945945945946,3.3513513513513513
dash/org.eclipse.dash.handbook,108,107,105,1,71,4,4.084507042253521,4.056338028169014,2,8.0,7.0,1.3661971830985915,1.3380281690140845,3.5,2.5
sirius/org.eclipse.sirius,16774,3992,3705,74,14121,34,4.8156646129877485,4.354578287656682,4906,7.225234406848757,5.898083978801467,2.4530132426881948,2.3343247645350895,3.0652262535670607,2.72360375050958
sirius/org.eclipse.sirius.legacy,15,9,9,0,122,3,1.180327868852459,1.180327868852459,0,0.0,0.0,1.098360655737705,1.098360655737705,NaN,NaN
bpmn2/org.eclipse.bpmn2,192,181,174,6,1026,6,4.119883040935672,4.108187134502924,11,9.909090909090908,8.818181818181818,2.076998050682261,2.076998050682261,2.3636363636363638,2.3636363636363638
ecoretools/org.eclipse.ecoretools,1023,928,928,0,645,21,3.9271317829457364,3.9271317829457364,0,0.0,0.0,1.7953488372093023,1.7953488372093023,NaN,NaN
etrice/org.eclipse.etrice,3711,3012,2099,268,4179,19,5.184015314668581,3.4024886336444125,2126,8.251175917215429,4.749294449670743,2.0990667623833454,1.635798037808088,2.7502351834430856,1.8396048918156163
simrel/org.eclipse.simrel.build,5622,3435,2849,175,93,170,46.215053763440864,38.01075268817204,78,54.333333333333336,44.55128205128205,6.311827956989247,5.946236559139785,7.17948717948718,6.743589743589744
simrel/org.eclipse.simrel.tools,578,552,552,0,64,4,12.640625,12.640625,0,0.0,0.0,1.53125,1.53125,NaN,NaN
emfclient/org.eclipse.emf.ecp.core,8634,5020,2114,234,10942,41,4.68387863279108,3.6435752147687808,2885,12.812478336221837,8.866897746967071,1.879272527874246,1.7399926887223542,3.3577123050259967,2.82946273830156
recommenders/org.eclipse.recommenders.snipmatch.snippets,202,69,46,20,122,7,5.368852459016393,4.319672131147541,106,5.735849056603773,4.528301886792453,1.1475409836065573,1.0491803278688525,1.1603773584905661,1.0471698113207548
recommenders/org.eclipse.recommenders,7691,3989,2475,779,1375,36,16.248,9.897454545454545,826,25.819612590799032,15.24818401937046,2.5054545454545454,2.068363636363636,3.236077481840194,2.5084745762711864
jubula/org.eclipse.jubula.core,6993,4903,3998,452,5539,34,4.917133056508395,4.319371727748691,1674,9.538829151732378,7.560931899641577,2.3612565445026177,2.2374074742733345,3.6702508960573477,3.260454002389486
sourceediting/webtools.sourceediting,10971,9332,6058,27,38124,88,2.9372836008813348,1.777331864442346,32802,2.3798853728431193,1.0317358697640389,2.2821844507396913,1.3499632777253174,2.100695079568319,1.0172245594780807
capra/org.eclipse.capra,455,22,22,0,268,6,1.164179104477612,1.164179104477612,0,0.0,0.0,1.1044776119402986,1.1044776119402986,NaN,NaN
modisco/org.eclipse.modisco,715,585,445,57,10503,5,2.72674473959821,2.5737408359516327,747,7.115127175368139,4.963855421686747,1.54336856136342,1.514519661049224,1.6947791164658634,1.2891566265060241
www.eclipse.org/eclipse/news,1409,1036,1028,6,1475,86,1.8257627118644069,1.8196610169491525,6,10.333333333333334,8.833333333333334,1.3654237288135593,1.3633898305084746,5.833333333333333,5.333333333333333
www.eclipse.org/eclipse,4198,4189,4175,2,1323,74,3.940287226001512,3.927437641723356,12,33.0,31.583333333333332,1.3892668178382463,1.380952380952381,4.5,3.5833333333333335
www.eclipse.org/egit,210,197,196,1,39,14,6.6923076923076925,6.666666666666667,1,52.0,51.0,1.7179487179487178,1.7179487179487178,4.0,4.0
www.eclipse.org/swt,1296,1284,1284,0,396,25,4.494949494949495,4.494949494949495,0,0.0,0.0,1.5303030303030303,1.5303030303030303,NaN,NaN
www.eclipse.org/errors,13,8,8,0,97,5,1.134020618556701,1.134020618556701,0,0.0,0.0,1.0824742268041236,1.0824742268041236,NaN,NaN
www.eclipse.org/mars,37,24,24,0,79,6,1.518987341772152,1.518987341772152,0,0.0,0.0,1.1772151898734178,1.1772151898734178,NaN,NaN
www.eclipse.org/contribute,53,39,32,1,16,9,3.3125,2.875,3,10.0,7.666666666666667,2.0625,1.9375,4.666666666666667,4.0
www.eclipse.org/ide,26,22,22,0,12,6,2.8333333333333335,2.8333333333333335,0,0.0,0.0,1.5,1.5,NaN,NaN
www.eclipse.org/getting_started,109,109,108,1,7,11,13.857142857142858,13.714285714285714,1,59.0,58.0,2.7142857142857144,2.5714285714285716,10.0,9.0
www.eclipse.org/artwork,57,43,43,0,484,11,1.0702479338842976,1.0702479338842976,0,0.0,0.0,1.0537190082644627,1.0537190082644627,NaN,NaN
www.eclipse.org/documentation,47,44,44,0,6,8,7.333333333333333,7.333333333333333,0,0.0,0.0,2.5,2.5,NaN,NaN
www.eclipse.org/eclipse.org-common,2126,1115,1105,5,413,19,4.600484261501211,4.5690072639225185,9,27.22222222222222,25.77777777777778,1.7772397094430992,1.7772397094430992,4.222222222222222,4.222222222222222
www.eclipse.org/windowbuilder,96,95,95,0,30,6,4.6,4.6,0,0.0,0.0,1.5,1.5,NaN,NaN
www.eclipse.org/membership,1873,1770,1731,15,345,29,4.918840579710145,4.814492753623188,10,66.3,62.7,1.5217391304347827,1.5014492753623188,6.3,5.6
www.eclipse.org/callisto,260,254,254,0,114,9,3.5964912280701755,3.5964912280701755,0,0.0,0.0,1.3157894736842106,1.3157894736842106,NaN,NaN
www.eclipse.org/org,4683,4505,4368,35,2919,67,2.4302843439534088,2.4021925316889345,38,25.07894736842105,22.92105263157895,1.3042137718396711,1.2953066118533745,5.421052631578948,4.7368421052631575
www.eclipse.org/legal,471,441,440,1,152,25,4.7368421052631575,4.730263157894737,1,15.0,14.0,2.4934210526315788,2.486842105263158,9.0,8.0
www.eclipse.org/hawkbit,19,17,17,0,67,2,4.074626865671642,4.074626865671642,0,0.0,0.0,1.0,1.0,NaN,NaN
www.eclipse.org/webtools,6544,6540,6525,8,13006,72,2.5788866676918345,2.578271566969091,6,123.16666666666667,121.83333333333333,1.3880516684607105,1.3880516684607105,6.666666666666667,6.666666666666667
www.eclipse.org/graphiti,358,353,353,0,93,4,5.064516129032258,5.064516129032258,0,0.0,0.0,1.2795698924731183,1.2795698924731183,NaN,NaN
www.eclipse.org/images,93,92,92,0,156,16,1.2115384615384615,1.2115384615384615,0,0.0,0.0,1.0256410256410255,1.0256410256410255,NaN,NaN
www.eclipse.org/indigo,91,86,86,0,24,9,5.041666666666667,5.041666666666667,0,0.0,0.0,1.6666666666666667,1.6666666666666667,NaN,NaN
www.eclipse.org/jdt,2021,2015,2015,0,425,35,5.762352941176471,5.762352941176471,0,0.0,0.0,1.708235294117647,1.708235294117647,NaN,NaN
www.eclipse.org/licenses,10,9,9,0,5,4,2.2,2.2,0,0.0,0.0,1.4,1.4,NaN,NaN
www.eclipse.org/cft,30,30,30,0,53,2,1.4150943396226414,1.4150943396226414,0,0.0,0.0,1.0,1.0,NaN,NaN
www.eclipse.org/mail,82,82,82,0,28,12,2.4285714285714284,2.4285714285714284,0,0.0,0.0,1.6071428571428572,1.6071428571428572,NaN,NaN
www.eclipse.org/tea,20,14,14,0,83,2,1.144578313253012,1.144578313253012,0,0.0,0.0,1.0120481927710843,1.0120481927710843,NaN,NaN
www.eclipse.org/downloads,2949,2680,2637,21,301,27,7.893687707641196,7.651162790697675,27,58.48148148148148,55.77777777777778,1.548172757475083,1.5448504983388704,4.37037037037037,4.333333333333333
www.eclipse.org/security,18,16,16,0,12,4,3.0833333333333335,3.0833333333333335,0,0.0,0.0,1.8333333333333333,1.8333333333333333,NaN,NaN
www.eclipse.org/equinox,1217,1217,1217,0,697,29,3.770444763271162,3.770444763271162,0,0.0,0.0,1.2611190817790532,1.2611190817790532,NaN,NaN
www.eclipse.org/articles,541,526,525,1,3110,12,1.2845659163987138,1.2845659163987138,0,0.0,0.0,1.007395498392283,1.007395498392283,NaN,NaN
www.eclipse.org/tcf,37,37,37,0,33,6,2.484848484848485,2.484848484848485,0,0.0,0.0,1.303030303030303,1.303030303030303,NaN,NaN
www.eclipse.org/projects,6878,6854,6817,5,1446,24,4.078146611341632,4.05463347164592,14,57.357142857142854,54.92857142857143,1.1666666666666667,1.165283540802213,2.5714285714285716,2.4285714285714284
www.eclipse.org/lyo,98,98,98,0,45,8,4.4,4.4,0,0.0,0.0,2.022222222222222,2.022222222222222,NaN,NaN
www.eclipse.org/jgit,136,122,120,2,36,9,4.888888888888889,4.833333333333333,1,21.0,19.0,1.8611111111111112,1.8333333333333333,6.0,5.0
www.eclipse.org/mylyn,4286,4252,4207,5,1048,14,5.862595419847328,5.802480916030534,16,93.125,89.1875,1.1421755725190839,1.1393129770992367,3.625,3.4375
www.eclipse.org/corporate_sponsors,39,31,31,0,13,9,3.923076923076923,3.923076923076923,0,0.0,0.0,2.8461538461538463,2.8461538461538463,NaN,NaN
www.eclipse.org/swtbot,123,119,119,0,28,6,4.5,4.5,0,0.0,0.0,1.3214285714285714,1.3214285714285714,NaN,NaN
www.eclipse.org/ganymede,566,563,563,0,62,6,4.645161290322581,4.645161290322581,0,0.0,0.0,1.5483870967741935,1.5483870967741935,NaN,NaN
www.eclipse.org/bpmn2-modeler,93,93,93,0,90,4,2.388888888888889,2.388888888888889,0,0.0,0.0,1.2333333333333334,1.2333333333333334,NaN,NaN
www.eclipse.org/juno,128,123,123,0,27,7,3.2222222222222223,3.2222222222222223,0,0.0,0.0,1.5925925925925926,1.5925925925925926,NaN,NaN
www.eclipse.org/community,8634,8438,8253,125,3782,72,3.682707562136436,3.6285034373347433,97,43.48453608247423,41.371134020618555,1.2940243257535695,1.28397673188789,3.8350515463917527,3.443298969072165
www.eclipse.org/gendoc,45,45,43,2,25,4,3.44,3.28,3,17.0,15.666666666666666,1.48,1.48,2.6666666666666665,2.6666666666666665
www.eclipse.org/collections,59,52,52,0,43498,4,1.2819669869879076,1.2819669869879076,0,0.0,0.0,1.000045979125477,1.000045979125477,NaN,NaN
www.eclipse.org/galileo,202,197,197,0,39,6,3.2051282051282053,3.2051282051282053,0,0.0,0.0,1.641025641025641,1.641025641025641,NaN,NaN
www.eclipse.org/papyrus-rt,259,174,168,6,40,11,6.225,6.05,5,31.4,30.0,1.675,1.675,5.0,5.0
www.eclipse.org/cbi,39,39,39,0,1268,7,1.2436908517350158,1.2436908517350158,0,0.0,0.0,1.0504731861198737,1.0504731861198737,NaN,NaN
www.eclipse.org/papyrus,631,564,522,18,78582,27,1.0679163167137513,1.0528238018884732,1133,2.180052956751986,1.1332744924977936,1.0331373597006948,1.0331373597006948,1.0167696381288613,1.0167696381288613
www.eclipse.org/cdt,396,395,395,0,352,18,2.272727272727273,2.272727272727273,0,0.0,0.0,1.1193181818181819,1.1193181818181819,NaN,NaN
www.eclipse.org/neon,78,43,40,3,131,9,1.5190839694656488,1.465648854961832,6,8.666666666666666,7.5,1.0916030534351144,1.0763358778625953,2.6666666666666665,2.3333333333333335
www.eclipse.org/subversive,731,728,720,8,319,8,5.896551724137931,5.846394984326019,9,65.88888888888889,64.11111111111111,1.3793103448275863,1.3793103448275863,3.4444444444444446,3.4444444444444446
www.eclipse.org/europa,134,128,128,0,55,5,2.3454545454545452,2.3454545454545452,0,0.0,0.0,1.3636363636363635,1.3636363636363635,NaN,NaN
www.eclipse.org/arch,14,11,11,0,3,2,4.666666666666667,4.666666666666667,0,0.0,0.0,1.6666666666666667,1.6666666666666667,NaN,NaN
www.eclipse.org/go,26,23,23,0,2,5,11.5,11.5,0,0.0,0.0,2.5,2.5,NaN,NaN
www.eclipse.org/oxygen,43,29,26,3,209,3,1.2392344497607655,1.215311004784689,4,8.5,7.25,1.0239234449760766,1.0191387559808613,1.5,1.25
www.eclipse.org/dash,162,161,161,0,27,7,4.62962962962963,4.62962962962963,0,0.0,0.0,1.3703703703703705,1.3703703703703705,NaN,NaN
www.eclipse.org/kapua,27,26,26,0,177,4,1.265536723163842,1.265536723163842,0,0.0,0.0,1.0621468926553672,1.0621468926553672,NaN,NaN
www.eclipse.org/kepler,74,70,70,0,32,5,4.875,4.875,0,0.0,0.0,1.71875,1.71875,NaN,NaN
www.eclipse.org/january,17,14,14,0,2317,5,1.1989641778161415,1.1989641778161415,0,0.0,0.0,1.0008631851532153,1.0008631851532153,NaN,NaN
www.eclipse.org/recommenders,646,478,451,27,694,9,2.64985590778098,2.5129682997118157,43,11.0,8.790697674418604,1.1512968299711817,1.122478386167147,2.6511627906976742,2.186046511627907
www.eclipse.org/10years,26,23,23,0,50,4,1.56,1.56,0,0.0,0.0,1.1,1.1,NaN,NaN
www.eclipse.org/donate,541,420,388,3,59,12,5.983050847457627,5.389830508474576,7,34.714285714285715,29.714285714285715,1.9491525423728813,1.9152542372881356,4.428571428571429,4.142857142857143
www.eclipse.org/helios,631,626,626,0,54,10,6.2407407407407405,6.2407407407407405,0,0.0,0.0,2.0925925925925926,2.0925925925925926,NaN,NaN
www.eclipse.org/ice,33,32,32,0,75,3,1.28,1.28,0,0.0,0.0,1.12,1.12,NaN,NaN
www.eclipse.org/home,1470,1345,1341,4,128,17,6.5859375,6.5703125,1,442.0,440.0,1.2890625,1.28125,14.0,13.0
www.eclipse.org/luna,34,31,20,1,19,6,3.736842105263158,2.526315789473684,7,8.142857142857142,4.857142857142857,1.9473684210526316,1.7894736842105263,3.2857142857142856,2.857142857142857
gmf-runtime/org.eclipse.gmf-runtime,2775,2077,2077,0,4273,26,3.9744909899368124,3.9744909899368124,0,0.0,0.0,2.032295810905687,2.032295810905687,NaN,NaN
emf-parsley/org.eclipse.emf-parsley,2039,1146,951,43,2378,5,4.848191757779647,4.095037846930193,365,17.665753424657535,12.758904109589041,1.4104289318755256,1.393187552565181,1.8575342465753424,1.7452054794520548
jsf/webtools.jsf.tests,593,542,542,0,946,12,3.5052854122621566,3.5052854122621566,0,0.0,0.0,1.7399577167019027,1.7399577167019027,NaN,NaN
jsf/webtools.jsf,2306,2197,1538,2,7181,16,3.799610082161259,2.7608968110291046,1957,4.823198773633112,1.0117526826775678,2.3350508285754072,1.6441999721487257,3.537046499744507,1.0020439448134901
dltk/org.eclipse.dltk.core,7860,6389,6370,19,4947,33,5.1736405902567215,5.166767738023045,30,24.066666666666666,22.933333333333334,2.3721447341823327,2.368506165352739,6.0,5.4
dltk/org.eclipse.dltk.javascript,3730,3689,3688,1,1782,21,5.808080808080808,5.807519640852974,1,85.0,84.0,1.8383838383838385,1.8383838383838385,7.0,7.0
dltk/org.eclipse.dltk.ruby,2608,2208,2208,0,1503,15,4.891550232867598,4.891550232867598,0,0.0,0.0,2.1583499667332005,2.1583499667332005,NaN,NaN
dltk/org.eclipse.dltk.sh,71,53,53,0,161,5,4.434782608695652,4.434782608695652,0,0.0,0.0,2.0745341614906834,2.0745341614906834,NaN,NaN
dltk/org.eclipse.dltk.python,329,321,321,0,443,10,3.379232505643341,3.379232505643341,0,0.0,0.0,2.00451467268623,2.00451467268623,NaN,NaN
dltk/org.eclipse.dltk.releng,1595,1297,1297,0,792,13,4.773989898989899,4.773989898989899,0,0.0,0.0,1.398989898989899,1.398989898989899,NaN,NaN
dltk/org.eclipse.dltk.tcl,3451,2837,2837,0,2696,13,3.785608308605341,3.785608308605341,0,0.0,0.0,1.6442878338278932,1.6442878338278932,NaN,NaN
dltk/org.eclipse.dltk.all,10,10,10,0,2,3,5.0,5.0,0,0.0,0.0,2.0,2.0,NaN,NaN
tm/org.eclipse.tm,8250,6780,6753,11,3522,33,7.1624077228847245,7.1377058489494605,56,24.303571428571427,22.75,2.406303236797274,2.4048835888699602,5.410714285714286,5.321428571428571
tm/org.eclipse.tm.terminal,908,853,802,12,607,26,4.799011532125206,4.586490939044481,105,4.9714285714285715,3.742857142857143,1.9439868204283361,1.9373970345963756,1.619047619047619,1.5809523809523809
tycho/org.eclipse.tycho.targeteditor,11,4,4,0,156,2,1.0064102564102564,1.0064102564102564,0,0.0,0.0,1.0,1.0,NaN,NaN
tycho/org.eclipse.tycho-demo,35,27,27,0,113,5,1.9646017699115044,1.9646017699115044,0,0.0,0.0,1.1150442477876106,1.1150442477876106,NaN,NaN
tycho/org.eclipse.tycho,2164,1096,1096,0,3731,68,3.243366389707853,3.243366389707853,0,0.0,0.0,1.6427231305280086,1.6427231305280086,NaN,NaN
tycho/org.eclipse.tycho.nexus,73,35,35,0,92,9,3.0869565217391304,3.0869565217391304,0,0.0,0.0,1.7391304347826086,1.7391304347826086,NaN,NaN
tycho/org.eclipse.tycho.extras,377,220,220,0,367,27,3.6430517711171664,3.6430517711171664,0,0.0,0.0,1.7138964577656677,1.7138964577656677,NaN,NaN
scout/org.eclipse.scout.rt,22259,12411,7713,123,4932,122,11.855433901054338,7.968572587185726,1967,22.34570411794611,12.599898322318252,4.473844282238443,3.8594890510948905,6.8723945094051855,5.331977630910015
scout/oomph,35,35,35,0,7,5,5.857142857142857,5.857142857142857,0,0.0,0.0,1.5714285714285714,1.5714285714285714,NaN,NaN
scout/maven-master,272,224,206,3,116,14,7.491379310344827,7.008620689655173,7,93.57142857142857,85.57142857142857,1.3017241379310345,1.3017241379310345,5.285714285714286,5.285714285714286
scout/org.eclipse.scout-aggregator,988,333,189,11,118,15,6.271186440677966,4.0,19,29.736842105263158,15.631578947368421,1.694915254237288,1.6694915254237288,3.789473684210526,3.6315789473684212
scout/scout.rt.incubator,135,67,30,3,53,11,3.30188679245283,3.150943396226415,3,11.333333333333334,8.666666666666666,2.1320754716981134,2.0943396226415096,4.333333333333333,3.6666666666666665
scout/org.eclipse.scout.sdk,2760,1333,742,30,3318,27,6.270042194092827,5.405666063893912,1561,10.094811018577834,8.257527226137091,2.3146473779385173,1.8942133815551536,3.167200512491992,2.273542600896861
emf-store/org.eclipse.emf.emfstore.core,3548,2999,1685,325,3914,19,6.613438937148697,3.4767501277465507,1812,12.131346578366445,5.355960264900662,2.8083801737353093,1.969851814001022,4.248896247240618,2.4376379690949226
