project,algorithmType,historyType,nCommits,nPaths,avgFilesInCommit,avgRules,avgHistorySize,avgPredictionsCount,successCount,failureCount,noPredictionCount
calcite,SINGLE_FILE,FULL,455,66,5.364188163884673,9.427921092564493,41.42640364188164,0.6752655538694993,217,18,424
calcite,SINGLE_FILE,LINEAR,455,66,5.364188163884673,9.427921092564493,41.42640364188164,0.6509863429438544,218,14,427
calcite,OTHER_FILES,FULL,463,690,6.249265138154027,8.359788359788359,60.69547325102881,1.3733098177542622,220,738,743
calcite,OTHER_FILES,LINEAR,463,690,6.249265138154027,8.359788359788359,60.69547325102881,1.422692533803645,220,803,678
activemq-apollo,SINGLE_FILE,FULL,0,0,NaN,NaN,NaN,NaN,0,0,0
activemq-apollo,SINGLE_FILE,LINEAR,0,0,NaN,NaN,NaN,NaN,0,0,0
activemq-apollo,OTHER_FILES,FULL,0,0,NaN,NaN,NaN,NaN,0,0,0
activemq-apollo,OTHER_FILES,LINEAR,0,0,NaN,NaN,NaN,NaN,0,0,0
brooklyn-docs,SINGLE_FILE,FULL,99,41,4.370860927152318,8.56953642384106,8.56953642384106,0.8211920529801324,54,5,92
brooklyn-docs,SINGLE_FILE,LINEAR,99,41,4.370860927152318,8.56953642384106,8.56953642384106,0.8211920529801324,46,8,97
brooklyn-docs,OTHER_FILES,FULL,133,198,5.5875299760191846,8.203836930455635,13.318944844124701,1.170263788968825,47,206,164
brooklyn-docs,OTHER_FILES,LINEAR,133,198,5.5875299760191846,8.203836930455635,13.318944844124701,1.3908872901678657,51,212,154
qpid-proton,SINGLE_FILE,FULL,552,101,4.590322580645161,8.751612903225807,40.98924731182796,0.8666666666666667,406,56,468
qpid-proton,SINGLE_FILE,LINEAR,552,101,4.590322580645161,8.751612903225807,40.98924731182796,0.9075268817204301,395,57,478
qpid-proton,OTHER_FILES,FULL,589,477,5.347305389221557,7.611867174741426,59.12738160043549,1.4158954817637452,304,880,653
qpid-proton,OTHER_FILES,LINEAR,589,477,5.347305389221557,7.611867174741426,59.12738160043549,1.3826891671203048,296,874,667
incubator-tamaya-extensions,SINGLE_FILE,FULL,92,32,3.9646017699115044,8.43362831858407,12.867256637168142,0.5486725663716814,30,12,71
incubator-tamaya-extensions,SINGLE_FILE,LINEAR,92,32,3.9646017699115044,8.43362831858407,12.867256637168142,0.4778761061946903,23,13,77
incubator-tamaya-extensions,OTHER_FILES,FULL,110,228,5.757225433526012,8.034682080924856,16.90173410404624,1.1445086705202312,39,160,147
incubator-tamaya-extensions,OTHER_FILES,LINEAR,110,228,5.757225433526012,8.034682080924856,16.90173410404624,1.023121387283237,27,145,174
incubator-asterixdb-hyracks,SINGLE_FILE,FULL,90,25,5.071428571428571,9.673469387755102,9.571428571428571,0.6938775510204082,39,4,55
incubator-asterixdb-hyracks,SINGLE_FILE,LINEAR,90,25,5.071428571428571,9.673469387755102,9.571428571428571,0.6836734693877551,38,2,58
incubator-asterixdb-hyracks,OTHER_FILES,FULL,145,375,6.492957746478873,9.217527386541471,13.039123630672927,1.5352112676056338,79,392,168
incubator-asterixdb-hyracks,OTHER_FILES,LINEAR,145,375,6.492957746478873,9.217527386541471,13.039123630672927,1.4632237871674492,74,382,183
vcl,SINGLE_FILE,FULL,0,0,NaN,NaN,NaN,NaN,0,0,0
vcl,SINGLE_FILE,LINEAR,0,0,NaN,NaN,NaN,NaN,0,0,0
vcl,OTHER_FILES,FULL,0,0,NaN,NaN,NaN,NaN,0,0,0
vcl,OTHER_FILES,LINEAR,0,0,NaN,NaN,NaN,NaN,0,0,0
falcon,SINGLE_FILE,FULL,533,58,4.699115044247788,6.759797724399494,36.75474083438685,0.7408343868520859,364,21,406
falcon,SINGLE_FILE,LINEAR,533,58,4.699115044247788,6.759797724399494,36.75474083438685,0.6649810366624526,319,18,454
falcon,OTHER_FILES,FULL,552,562,5.501473187978786,6.052445492044785,46.841484973482615,1.0571596935769003,260,708,729
falcon,OTHER_FILES,LINEAR,552,562,5.501473187978786,6.052445492044785,46.841484973482615,0.8609310548025928,218,602,877
logging-log4net,SINGLE_FILE,FULL,39,22,4.75,6.703125,23.734375,1.0,30,0,34
logging-log4net,SINGLE_FILE,LINEAR,39,22,4.75,6.703125,23.734375,1.0625,33,0,31
logging-log4net,OTHER_FILES,FULL,43,69,5.560283687943262,5.439716312056738,40.765957446808514,0.950354609929078,16,47,78
logging-log4net,OTHER_FILES,LINEAR,43,69,5.560283687943262,5.439716312056738,40.765957446808514,1.1843971631205674,24,46,71
commons-collections,SINGLE_FILE,FULL,1,1,3.0,10.0,10.0,0.0,0,0,1
commons-collections,SINGLE_FILE,LINEAR,1,1,3.0,10.0,10.0,0.0,0,0,1
commons-collections,OTHER_FILES,FULL,2,8,6.0,5.0,47.75,2.0,3,3,2
commons-collections,OTHER_FILES,LINEAR,2,8,6.0,5.0,47.75,2.125,3,4,1
madlib,SINGLE_FILE,FULL,425,93,4.421374045801527,9.126717557251908,14.702290076335878,0.8549618320610687,314,16,325
madlib,SINGLE_FILE,LINEAR,425,93,4.421374045801527,9.126717557251908,14.702290076335878,0.7786259541984732,288,17,350
madlib,OTHER_FILES,FULL,467,526,5.213422818791947,8.10738255033557,24.91208053691275,1.6342281879194631,275,849,366
madlib,OTHER_FILES,LINEAR,467,526,5.213422818791947,8.10738255033557,24.91208053691275,1.6241610738255035,266,889,335
commons-csv,SINGLE_FILE,FULL,0,0,NaN,NaN,NaN,NaN,0,0,0
commons-csv,SINGLE_FILE,LINEAR,0,0,NaN,NaN,NaN,NaN,0,0,0
commons-csv,OTHER_FILES,FULL,0,0,NaN,NaN,NaN,NaN,0,0,0
commons-csv,OTHER_FILES,LINEAR,0,0,NaN,NaN,NaN,NaN,0,0,0
lucy-clownfish,SINGLE_FILE,FULL,326,88,4.733160621761658,9.369170984455959,28.235751295336787,1.194300518134715,527,6,239
lucy-clownfish,SINGLE_FILE,LINEAR,326,88,4.733160621761658,9.369170984455959,28.235751295336787,1.1813471502590673,516,11,245
lucy-clownfish,OTHER_FILES,FULL,343,271,5.151009657594381,7.854258121158911,50.602282704126424,1.8823529411764706,329,659,151
lucy-clownfish,OTHER_FILES,LINEAR,343,271,5.151009657594381,7.854258121158911,50.602282704126424,1.7971905179982441,308,673,158
climate,SINGLE_FILE,FULL,72,26,3.419047619047619,7.6571428571428575,7.3428571428571425,0.8095238095238095,59,8,38
climate,SINGLE_FILE,LINEAR,72,26,3.419047619047619,7.6571428571428575,7.3428571428571425,0.580952380952381,43,5,57
climate,OTHER_FILES,FULL,84,95,4.367647058823529,6.313725490196078,10.696078431372548,0.9215686274509803,36,102,66
climate,OTHER_FILES,LINEAR,84,95,4.367647058823529,6.313725490196078,10.696078431372548,0.7598039215686274,22,87,95
buildr,SINGLE_FILE,FULL,209,81,2.9683972911963883,4.279909706546276,62.6117381489842,0.8848758465011287,253,1,189
buildr,SINGLE_FILE,LINEAR,209,81,2.9683972911963883,4.279909706546276,62.6117381489842,0.8803611738148984,245,3,195
buildr,OTHER_FILES,FULL,210,113,3.05307855626327,3.1252653927813165,78.4968152866242,0.5859872611464968,130,72,269
buildr,OTHER_FILES,LINEAR,210,113,3.05307855626327,3.1252653927813165,78.4968152866242,0.5711252653927813,127,70,274
deltaspike,SINGLE_FILE,FULL,122,20,3.430379746835443,6.265822784810126,38.56962025316456,0.6075949367088608,66,0,92
deltaspike,SINGLE_FILE,LINEAR,122,20,3.430379746835443,6.265822784810126,38.56962025316456,0.6645569620253164,71,2,85
deltaspike,OTHER_FILES,FULL,131,186,4.561728395061729,6.444444444444445,38.891975308641975,0.8888888888888888,29,143,152
deltaspike,OTHER_FILES,LINEAR,131,186,4.561728395061729,6.444444444444445,38.891975308641975,0.8271604938271605,27,129,168
incubator-hivemall,SINGLE_FILE,FULL,139,27,4.183168316831683,9.876237623762377,9.564356435643564,1.4702970297029703,153,2,47
incubator-hivemall,SINGLE_FILE,LINEAR,139,27,4.183168316831683,9.876237623762377,9.564356435643564,1.311881188118812,131,8,63
incubator-hivemall,OTHER_FILES,FULL,163,204,5.414159292035398,9.65132743362832,11.346902654867257,2.072566371681416,231,274,60
incubator-hivemall,OTHER_FILES,LINEAR,163,204,5.414159292035398,9.65132743362832,11.346902654867257,1.7805309734513275,198,234,133
incubator-taverna-language,SINGLE_FILE,FULL,309,93,5.612665684830633,8.916053019145803,12.796759941089839,1.5228276877761413,395,16,268
incubator-taverna-language,SINGLE_FILE,LINEAR,309,93,5.612665684830633,8.916053019145803,12.796759941089839,1.4594992636229749,407,23,249
incubator-taverna-language,OTHER_FILES,FULL,330,263,5.758744394618834,7.260089686098655,28.24932735426009,1.5614349775784753,206,620,289
incubator-taverna-language,OTHER_FILES,LINEAR,330,263,5.758744394618834,7.260089686098655,28.24932735426009,1.8,234,630,251
commons-io,SINGLE_FILE,FULL,43,14,3.0677966101694913,6.711864406779661,65.32203389830508,0.7627118644067796,28,0,31
commons-io,SINGLE_FILE,LINEAR,43,14,3.0677966101694913,6.711864406779661,65.32203389830508,0.7966101694915254,29,0,30
commons-io,OTHER_FILES,FULL,42,53,4.258426966292135,6.337078651685394,79.89887640449439,0.7415730337078652,11,33,45
commons-io,OTHER_FILES,LINEAR,42,53,4.258426966292135,6.337078651685394,79.89887640449439,0.7303370786516854,10,34,45
predictionio,SINGLE_FILE,FULL,748,176,4.420454545454546,9.17651515151515,14.586363636363636,0.9,686,27,607
predictionio,SINGLE_FILE,LINEAR,748,176,4.420454545454546,9.17651515151515,14.586363636363636,0.8484848484848485,649,42,629
predictionio,OTHER_FILES,FULL,825,938,5.298801973220578,8.50352360817477,20.572938689217757,1.6321353065539113,528,1579,731
predictionio,OTHER_FILES,LINEAR,825,938,5.298801973220578,8.50352360817477,20.572938689217757,1.4517265680056377,456,1510,872
celix,SINGLE_FILE,FULL,104,38,4.9411764705882355,7.241830065359477,23.320261437908496,0.39869281045751637,44,2,107
celix,SINGLE_FILE,LINEAR,104,38,4.9411764705882355,7.241830065359477,23.320261437908496,0.41830065359477125,45,1,107
celix,OTHER_FILES,FULL,114,206,5.769230769230769,6.305039787798409,34.70291777188329,0.8381962864721485,24,169,184
celix,OTHER_FILES,LINEAR,114,206,5.769230769230769,6.305039787798409,34.70291777188329,0.7612732095490716,25,161,191
lens,SINGLE_FILE,FULL,450,89,4.793367346938775,9.035714285714286,17.464285714285715,1.030612244897959,453,10,321
lens,SINGLE_FILE,LINEAR,450,89,4.793367346938775,9.035714285714286,17.464285714285715,0.8928571428571429,405,10,369
lens,OTHER_FILES,FULL,511,526,5.626638699528055,8.153644467750393,27.040377556371265,1.9276350288411117,428,1145,334
lens,OTHER_FILES,LINEAR,511,526,5.626638699528055,8.153644467750393,27.040377556371265,1.8405873099108547,384,1182,341
deltacloud,SINGLE_FILE,FULL,0,0,NaN,NaN,NaN,NaN,0,0,0
deltacloud,SINGLE_FILE,LINEAR,0,0,NaN,NaN,NaN,NaN,0,0,0
deltacloud,OTHER_FILES,FULL,0,0,NaN,NaN,NaN,NaN,0,0,0
deltacloud,OTHER_FILES,LINEAR,0,0,NaN,NaN,NaN,NaN,0,0,0
brooklyn-ui,SINGLE_FILE,FULL,324,105,3.885813148788927,8.608996539792388,13.678200692041523,0.643598615916955,243,19,316
brooklyn-ui,SINGLE_FILE,LINEAR,324,105,3.885813148788927,8.608996539792388,13.678200692041523,0.5709342560553633,210,16,352
brooklyn-ui,OTHER_FILES,FULL,339,277,4.364516129032258,7.467741935483871,21.25483870967742,1.2118279569892474,135,465,330
brooklyn-ui,OTHER_FILES,LINEAR,339,277,4.364516129032258,7.467741935483871,21.25483870967742,1.0451612903225806,107,433,390
commons-dbcp,SINGLE_FILE,FULL,25,1,3.6,2.84,37.88,0.24,6,0,19
commons-dbcp,SINGLE_FILE,LINEAR,25,1,3.6,2.84,37.88,0.24,6,0,19
commons-dbcp,OTHER_FILES,FULL,23,22,4.027777777777778,4.194444444444445,50.75,0.9722222222222222,5,14,17
commons-dbcp,OTHER_FILES,LINEAR,23,22,4.027777777777778,4.194444444444445,50.75,0.8888888888888888,4,14,18
james-project,SINGLE_FILE,FULL,610,168,4.859273066169618,8.895619757688722,15.960857409133272,0.7800559179869525,502,28,543
james-project,SINGLE_FILE,LINEAR,610,168,4.859273066169618,8.895619757688722,15.960857409133272,0.7427772600186393,494,25,554
james-project,OTHER_FILES,FULL,732,1201,5.807982740021575,8.30636461704423,22.816253146350235,1.5329018338727076,485,1571,725
james-project,OTHER_FILES,LINEAR,732,1201,5.807982740021575,8.30636461704423,22.816253146350235,1.5954692556634305,487,1625,669
ranger,SINGLE_FILE,FULL,577,117,4.652892561983471,8.290289256198347,17.43285123966942,0.6601239669421488,404,22,542
ranger,SINGLE_FILE,LINEAR,577,117,4.652892561983471,8.290289256198347,17.43285123966942,0.637396694214876,411,16,541
ranger,OTHER_FILES,FULL,637,777,5.668463611859838,7.699011680143756,22.747978436657682,1.307277628032345,302,1115,809
ranger,OTHER_FILES,LINEAR,637,777,5.668463611859838,7.699011680143756,22.747978436657682,1.1590296495956873,270,1048,908
atlas,SINGLE_FILE,FULL,366,41,4.594961240310077,8.498062015503876,39.47093023255814,0.9108527131782945,253,10,253
atlas,SINGLE_FILE,LINEAR,366,41,4.594961240310077,8.498062015503876,39.47093023255814,0.9573643410852714,253,12,251
atlas,OTHER_FILES,FULL,404,496,5.708960573476703,7.683154121863799,50.22437275985663,1.203584229390681,223,666,506
atlas,OTHER_FILES,LINEAR,404,496,5.708960573476703,7.683154121863799,50.22437275985663,1.192831541218638,242,667,486
reef,SINGLE_FILE,FULL,380,77,4.742753623188406,9.669082125603865,17.381642512077295,1.4263285024154588,486,55,287
reef,SINGLE_FILE,LINEAR,380,77,4.742753623188406,9.669082125603865,17.381642512077295,1.2971014492753623,464,58,306
reef,OTHER_FILES,FULL,405,367,5.3276098901098905,9.078983516483516,30.309752747252748,2.103708791208791,375,832,249
reef,OTHER_FILES,LINEAR,405,367,5.3276098901098905,9.078983516483516,30.309752747252748,1.9134615384615385,332,850,274
any23,SINGLE_FILE,FULL,41,22,4.333333333333333,9.616666666666667,56.88333333333333,0.5333333333333333,15,4,41
any23,SINGLE_FILE,LINEAR,41,22,4.333333333333333,9.616666666666667,56.88333333333333,0.4666666666666667,13,4,43
any23,OTHER_FILES,FULL,50,103,5.314814814814815,9.296296296296296,67.95061728395062,0.7037037037037037,21,42,99
any23,OTHER_FILES,LINEAR,50,103,5.314814814814815,9.296296296296296,67.95061728395062,0.6790123456790124,17,42,103
