name,totalCommits,reachableCommits,mainBranchReachableCommits,mergeCommits,filesInTree,uniqueAuthorsInRepo,avgFullHistoryLength,avgLinearHistoryLength,filesWithDifferentHistories,avgFullHistoryLengthForFilesWithDifferentHistories,avgLinearHistoryLengthForFilesWithDifferentHistories,avgAuthorsPerFileFullHistory,avgAuthorsPerFileLinearHistory,avgAuthorsPerFileFullHistoryForFilesWithDifference,avgAuthorsPerFileLinearHistoryForFilesWithDifference
nicklopez/cnm-parking,562,562,524,8,120,5,8.491666666666667,8.108333333333333,6,21.166666666666668,13.5,1.7666666666666666,1.75,3.0,2.6666666666666665
michaelorschel/MalwareKit,6,6,6,0,37,2,1.2162162162162162,1.2162162162162162,0,0.0,0.0,1.054054054054054,1.054054054054054,NaN,NaN
datudou/CardPrice,29,29,28,1,24,2,4.375,4.333333333333333,1,11.0,10.0,1.4166666666666667,1.4166666666666667,1.0,1.0
jonanp/BugsControl,156,149,126,2,80,2,6.9,6.6375,14,11.5,10.0,1.0,1.0,1.0,1.0
pld-linux/vim,1268,1262,1252,3,45,62,21.88888888888889,21.57777777777778,4,213.75,210.25,3.311111111111111,3.2888888888888888,17.0,16.75
the-domains/learning-ways-hellas,97,48,48,0,4,2,9.5,9.5,0,0.0,0.0,1.5,1.5,NaN,NaN
shalture/thelfylda,1965,1965,1589,85,508,50,9.62007874015748,8.34251968503937,177,20.89265536723164,17.225988700564972,3.7460629921259843,3.482283464566929,6.15819209039548,5.401129943502825
xwp/wp-dev-lib,763,667,246,167,32,34,18.25,4.59375,23,24.652173913043477,5.6521739130434785,3.21875,1.5625,4.043478260869565,1.7391304347826086
fanserv/FanServSDK,110,83,47,2,4,4,9.25,8.0,2,12.0,9.5,1.5,1.25,2.0,1.5
systemsoverload/love-gorillas,118,118,109,7,37,5,4.027027027027027,3.891891891891892,4,22.5,21.25,1.1891891891891893,1.1081081081081081,2.5,1.75
FredHutch/swift-switch-account,131,131,123,4,34,6,5.176470588235294,5.0,2,23.0,20.0,1.3529411764705883,1.3235294117647058,2.5,2.0
livehub/livehub,101,101,70,24,648,3,2.0925925925925926,2.0339506172839505,13,11.307692307692308,8.384615384615385,1.0262345679012346,1.0262345679012346,1.5384615384615385,1.5384615384615385
KYUNGIL-group3/Poly,241,241,218,19,3799,6,1.8783890497499343,1.8394314293235061,120,7.325,6.091666666666667,1.4453803632534878,1.430376414846012,2.2,1.725
webercoder/webercoder.com,248,247,169,22,615,3,1.8617886178861789,1.5073170731707317,58,5.448275862068965,1.6896551724137931,1.0113821138211383,1.0016260162601627,1.1206896551724137,1.0172413793103448
boostorg/algorithm,641,435,378,27,214,58,5.663551401869159,5.457943925233645,19,7.421052631578948,5.105263157894737,2.2383177570093458,2.107476635514019,3.0,1.5263157894736843
karolzmuda/music-visualizer,54,54,54,0,31,1,4.387096774193548,4.387096774193548,0,0.0,0.0,1.0,1.0,NaN,NaN
StyXman/elevation,661,651,582,8,55,9,10.236363636363636,8.909090909090908,11,34.54545454545455,27.90909090909091,1.1636363636363636,1.0363636363636364,1.8181818181818181,1.1818181818181819
chriiiish/comp333a3,74,73,42,18,204,2,1.6568627450980393,1.2156862745098038,30,5.366666666666666,2.3666666666666667,1.0784313725490196,1.0490196078431373,1.5,1.3
dschluter/RScripts,479,479,479,0,30,1,15.533333333333333,15.533333333333333,0,0.0,0.0,1.0,1.0,NaN,NaN
mulllhausen/btc-inquisitor,607,589,559,6,61,3,13.262295081967213,12.59016393442623,8,63.25,58.125,1.0819672131147542,1.0819672131147542,1.375,1.375
Weednas/Project-Minecrafteo,86,83,83,0,359,2,1.6323119777158774,1.6323119777158774,0,0.0,0.0,1.0027855153203342,1.0027855153203342,NaN,NaN
BHicks93/mainsite,152,2,2,0,1,1,2.0,2.0,0,0.0,0.0,1.0,1.0,NaN,NaN
adampoczatek/dfs-concept1,9,2,2,0,164,2,1.0060975609756098,1.0060975609756098,0,0.0,0.0,1.0,1.0,NaN,NaN
yang0508/packages_services_Telephony,1035,957,359,390,604,138,4.970198675496689,3.1788079470198674,164,13.628048780487806,7.030487804878049,2.447019867549669,1.8774834437086092,5.896341463414634,3.798780487804878
ChaseSpringer/MethodsLab3,11,8,7,1,3,2,3.0,2.6666666666666665,1,7.0,6.0,1.3333333333333333,1.0,2.0,1.0
apertus-open-source-cinema/alpha-hardware,45,45,45,0,86,3,1.8604651162790697,1.8604651162790697,0,0.0,0.0,1.1627906976744187,1.1627906976744187,NaN,NaN
badger-d/2014-06-02-monash,1093,1093,275,248,1463,66,2.8605604921394394,1.439507860560492,908,3.6233480176211454,1.3337004405286343,1.3991797676008202,1.0389610389610389,1.6079295154185023,1.027533039647577
MatthewKBabbs/Simplified-Wordpress,5,5,5,0,1101,2,1.9028156221616712,1.9028156221616712,0,0.0,0.0,1.4968210717529518,1.4968210717529518,NaN,NaN
SamHwang1990/app_crm_re,101,100,89,1,194,1,4.103092783505154,3.7938144329896906,20,14.6,11.6,1.0,1.0,1.0,1.0
adomokos/dotfiles,173,170,166,1,60,1,3.566666666666667,3.4833333333333334,2,26.5,24.0,1.0,1.0,1.0,1.0
The-Sickness/G920T-MM,241,241,241,0,48495,88,1.0402103309619548,1.0402103309619548,0,0.0,0.0,1.036972883802454,1.036972883802454,NaN,NaN
diotteo/motqueser,121,121,120,1,19,2,13.473684210526315,13.421052631578947,1,4.0,3.0,1.0526315789473684,1.0,2.0,1.0
taddevries/revelBlog,19,19,15,2,127,1,1.8267716535433072,1.8267716535433072,0,0.0,0.0,1.0,1.0,NaN,NaN
SMAICP/vendor_saber,127,91,71,7,27,7,6.851851851851852,6.111111111111111,9,14.11111111111111,11.88888888888889,1.8148148148148149,1.7037037037037037,3.111111111111111,2.7777777777777777
wp-plugins/tidio-live-chat,367,367,367,0,21,2,20.761904761904763,20.761904761904763,0,0.0,0.0,1.0,1.0,NaN,NaN
venid/liteng,77,77,76,1,134,1,3.8134328358208953,3.791044776119403,3,7.666666666666667,6.666666666666667,1.0,1.0,1.0,1.0
Asfanur/AboutCanada,14,14,14,0,31,1,2.2580645161290325,2.2580645161290325,0,0.0,0.0,1.0,1.0,NaN,NaN
progers/forkstats,35,35,35,0,24,2,5.041666666666667,5.041666666666667,0,0.0,0.0,1.0,1.0,NaN,NaN
Tooblippe/python_introduction,33,32,31,1,199,2,1.35678391959799,1.35678391959799,0,0.0,0.0,1.0,1.0,NaN,NaN
gkumar10/Practical-Machine-Learning,23,1,1,0,3,2,1.0,1.0,0,0.0,0.0,1.0,1.0,NaN,NaN
CommonsCloud/CommonsRestless,956,949,665,147,64,61,25.96875,17.96875,39,41.23076923076923,28.102564102564102,3.5,1.953125,5.051282051282051,2.5128205128205128
osuosl/timesync-frontend-django,72,71,9,13,30,4,3.6333333333333333,1.2666666666666666,8,10.0,1.125,1.0666666666666667,1.0,1.25,1.0
DeRaafMedia/ProjectIRCInteractivity,48,48,31,3,17,3,2.9411764705882355,2.9411764705882355,0,0.0,0.0,1.3529411764705883,1.3529411764705883,NaN,NaN
ZFFramework/ZFFramework,69,69,69,0,1656,1,1.538647342995169,1.538647342995169,0,0.0,0.0,1.0,1.0,NaN,NaN
duomark/elysium,192,192,62,44,37,4,9.54054054054054,1.8918918918918919,24,13.833333333333334,2.0416666666666665,1.4864864864864864,1.054054054054054,1.75,1.0833333333333333
the-domains/roger-shaw,35,9,9,0,7,1,1.0,1.0,0,0.0,0.0,1.0,1.0,NaN,NaN
apache/maven-archetype,1182,1134,964,2,613,39,7.109298531810767,5.278955954323002,247,13.295546558704453,8.753036437246964,2.776508972267537,2.238172920065253,4.222672064777328,2.88663967611336
johnpwillman/inmemorydb,34,34,34,0,32,1,5.0,5.0,0,0.0,0.0,1.0,1.0,NaN,NaN
pilovieira/guebos,33,33,33,0,5,1,7.4,7.4,0,0.0,0.0,1.0,1.0,NaN,NaN
rwth-i6/returnn,5238,5238,2164,521,247,50,32.24291497975708,14.59919028340081,182,42.95054945054945,19.005494505494507,3.242914979757085,2.3684210526315788,3.9615384615384617,2.7747252747252746
andrewkatz/gdobstars,25,25,25,0,7874,1,1.0060960121920244,1.0060960121920244,0,0.0,0.0,1.0,1.0,NaN,NaN
liyforever/mini_stl,59,59,59,0,48,1,6.75,6.75,0,0.0,0.0,1.0,1.0,NaN,NaN
zipolitana/bubble,1,1,1,0,1,1,1.0,1.0,0,0.0,0.0,1.0,1.0,NaN,NaN
zoie0312/learning-curve,6,6,6,0,219,1,1.0,1.0,0,0.0,0.0,1.0,1.0,NaN,NaN
VoloshinS/react-studying,89,50,26,19,242,2,1.3057851239669422,1.2644628099173554,8,2.5,1.25,1.0702479338842976,1.0661157024793388,1.125,1.0
undecidables/COSBAS-Server,775,746,108,173,413,8,4.7941888619854724,1.6053268765133173,121,13.305785123966942,2.4214876033057853,1.4334140435835352,1.1016949152542372,2.396694214876033,1.2644628099173554
Shaked/dotfiles,43,43,40,3,27,1,2.962962962962963,2.814814814814815,3,9.666666666666666,8.333333333333334,1.0,1.0,1.0,1.0
AKSW/AnnotationClient,127,127,105,15,15,5,10.6,9.2,3,46.666666666666664,39.666666666666664,1.4666666666666666,1.4,3.3333333333333335,3.0
0P618/Commonweal,587,587,362,95,705,7,4.148936170212766,3.0609929078014186,196,11.061224489795919,7.1479591836734695,1.6411347517730497,1.5290780141843971,2.913265306122449,2.510204081632653
ciromattia/kcc,934,934,435,81,68,12,29.529411764705884,5.602941176470588,41,48.146341463414636,8.463414634146341,1.9705882352941178,1.3823529411764706,2.5365853658536586,1.5609756097560976
tomtom/tlib_vim,502,502,501,1,84,5,9.345238095238095,9.333333333333334,1,15.0,14.0,1.5833333333333333,1.5714285714285714,3.0,2.0
bigbrush/yii2-bigcms,118,118,118,0,68,1,1.838235294117647,1.838235294117647,0,0.0,0.0,1.0,1.0,NaN,NaN
jechiy/cc,34,10,10,0,73,1,1.1232876712328768,1.1232876712328768,0,0.0,0.0,1.0,1.0,NaN,NaN
Cilicou/Water-Stuff-Pack,2,2,2,0,17,1,1.0588235294117647,1.0588235294117647,0,0.0,0.0,1.0,1.0,NaN,NaN
npmcomponent/jashkenas-underscore,1411,1411,861,362,40,187,44.75,27.6,21,83.04761904761905,50.38095238095238,9.65,3.125,17.238095238095237,4.809523809523809
dailyscript/dbkm,214,214,203,9,461,2,2.4663774403470717,2.459869848156182,1,12.0,9.0,1.002169197396963,1.0,2.0,1.0
jaunva1312/coursera-test,6,3,3,0,2,2,1.5,1.5,0,0.0,0.0,1.0,1.0,NaN,NaN
xinghenese/s-o-c-k-e-t,36,3,3,0,137,2,1.0,1.0,0,0.0,0.0,1.0,1.0,NaN,NaN
rippo/swagolicious,45,45,44,1,83,1,2.63855421686747,2.6265060240963853,1,3.0,2.0,1.0,1.0,1.0,1.0
CvO-Theory/apt,1377,1302,1279,9,1020,15,5.106862745098039,5.050980392156863,52,17.96153846153846,16.865384615384617,2.1480392156862744,2.1254901960784314,3.6346153846153846,3.1923076923076925
dragonrider1024/leetcode-solution,142,142,139,3,272,2,1.0441176470588236,1.0441176470588236,0,0.0,0.0,1.0,1.0,NaN,NaN
PrestaShop/paypal,445,432,90,76,197,32,8.842639593908629,3.5583756345177666,100,15.38,4.97,2.9746192893401013,1.9441624365482233,4.34,2.31
AlexBaba/Gruppeoppgave-1-Webapplikasjoner,394,223,116,33,237,7,4.940928270042194,4.181434599156118,91,7.626373626373627,5.648351648351649,1.890295358649789,1.5358649789029535,2.5714285714285716,1.6483516483516483
btran29/DOSI-SLM-SegmentedOut,157,157,148,3,112,1,4.535714285714286,4.375,10,11.9,10.1,1.0,1.0,1.0,1.0
komiga/togo,1384,1384,1384,0,417,1,4.117505995203837,4.117505995203837,0,0.0,0.0,1.0,1.0,NaN,NaN
mayo-s/ScrabbleCheaterBE,15,15,11,3,7,3,3.0,2.7142857142857144,1,11.0,9.0,1.4285714285714286,1.2857142857142858,3.0,2.0
mpollmeier/gremlin-scala-examples,171,169,121,20,42,7,7.0476190476190474,4.571428571428571,24,10.75,6.416666666666667,1.380952380952381,1.0714285714285714,1.5833333333333333,1.0416666666666667
DrMcMarco/Softwareprojekt2014,684,684,362,143,394,28,5.855329949238579,3.964467005076142,78,21.987179487179485,12.435897435897436,2.431472081218274,2.0913705583756346,6.487179487179487,4.769230769230769
geoext/geoext,908,905,681,101,252,26,8.797619047619047,7.7896825396825395,74,15.135135135135135,11.702702702702704,3.4126984126984126,3.2023809523809526,4.6891891891891895,3.972972972972973
gitpan/Dist-Milla,18,18,18,0,23,1,6.173913043478261,6.173913043478261,0,0.0,0.0,1.0,1.0,NaN,NaN
Wind3x/Write-ups,56,56,56,0,23,2,2.4347826086956523,2.4347826086956523,0,0.0,0.0,1.3478260869565217,1.3478260869565217,NaN,NaN
scottdavis99/freeWebHosting,4,1,1,0,1,2,1.0,1.0,0,0.0,0.0,1.0,1.0,NaN,NaN
kcskou/afterlife,77,68,25,14,694,5,1.2103746397694524,1.1138328530259367,19,6.7894736842105265,3.263157894736842,1.0561959654178674,1.0187319884726225,2.9473684210526314,1.5789473684210527
wq/wq.db,662,657,590,6,163,5,9.404907975460123,8.668711656441717,45,25.08888888888889,22.42222222222222,1.0613496932515338,1.0613496932515338,1.1555555555555554,1.1555555555555554
mlms13/FancySearch,173,173,112,14,89,2,6.224719101123595,3.4719101123595504,39,11.58974358974359,5.3076923076923075,1.101123595505618,1.0112359550561798,1.205128205128205,1.0
lachm/AimlessLib,31,31,31,0,90,1,8.144444444444444,8.144444444444444,0,0.0,0.0,1.0,1.0,NaN,NaN
mikecrittenden/zen-coding-gedit,111,111,59,6,20,5,9.3,5.45,12,13.25,6.833333333333333,2.7,2.05,3.5833333333333335,2.5
vinsol/BizRating,243,231,107,48,206,3,5.072815533980583,3.121359223300971,63,13.492063492063492,7.111111111111111,1.2233009708737863,1.1553398058252426,1.6825396825396826,1.4603174603174602
learn-co-students/immersive-small-rails-project-web-0716,22,22,14,5,5,11,4.6,3.2,1,15.0,8.0,3.2,2.2,11.0,6.0
thingsSDK/especially-flasher,245,239,123,36,60,7,4.5,3.533333333333333,8,19.625,12.375,1.2666666666666666,1.1833333333333333,2.625,2.0
aeglasin/SmartMirror_v2,19,19,16,2,130,6,1.2846153846153847,1.2615384615384615,3,6.0,5.0,1.176923076923077,1.1538461538461537,4.0,3.0
universalcore/unicore-cms-content-mama-tr-prod,2607,2607,540,3,79,11,12.69620253164557,7.734177215189874,43,15.69767441860465,6.5813953488372094,2.3797468354430378,1.0379746835443038,3.5348837209302326,1.069767441860465
SatanWoo/WeTongji_2.0,615,614,392,65,744,6,4.170698924731183,2.9596774193548385,192,12.083333333333334,7.390625,1.4758064516129032,1.331989247311828,2.4479166666666665,1.890625
avoitishin/luajit-2.0,1819,1549,1549,0,197,2,24.19289340101523,24.19289340101523,0,0.0,0.0,1.0101522842639594,1.0101522842639594,NaN,NaN
lski/api-echo,6,6,6,0,4,1,2.5,2.5,0,0.0,0.0,1.0,1.0,NaN,NaN
ResurrectionRemix-Devices/device_oneplus_oneplus2,815,763,755,5,683,117,3.4699853587115665,3.465592972181552,2,169.5,168.0,1.945827232796486,1.9414348462664714,31.5,30.0
NovelBioCloud/NBCsoftware,475,475,375,60,144,16,7.576388888888889,6.027777777777778,75,11.853333333333333,8.88,2.8055555555555554,2.486111111111111,3.88,3.2666666666666666
ACI-F15-ORG/Int_Grph_Snd_01,74,73,41,19,131,18,1.2213740458015268,1.1755725190839694,1,22.0,16.0,1.0687022900763359,1.0458015267175573,9.0,6.0
FitPeople/FitNote,18,18,18,0,38,2,1.6842105263157894,1.6842105263157894,0,0.0,0.0,1.1842105263157894,1.1842105263157894,NaN,NaN
rthewitt/WCRX,124,124,98,16,104,2,3.923076923076923,3.6538461538461537,12,15.416666666666666,13.083333333333334,1.0865384615384615,1.0673076923076923,1.5833333333333333,1.4166666666666667
orlammd/Sebkha-Chott_Setup,181,181,181,0,836,3,1.4150717703349283,1.4150717703349283,0,0.0,0.0,1.0011961722488039,1.0011961722488039,NaN,NaN
Xaliss/bricolo,10,10,10,0,71,1,1.5774647887323943,1.5774647887323943,0,0.0,0.0,1.0,1.0,NaN,NaN
hws-wao/core,221,193,130,30,143,7,2.727272727272727,2.3076923076923075,18,11.5,8.166666666666666,1.2587412587412588,1.2237762237762237,2.5555555555555554,2.2777777777777777
edpaget/catch-em-all,7,7,6,1,12,2,1.8333333333333333,1.8333333333333333,0,0.0,0.0,1.0,1.0,NaN,NaN
openmotics/hardware,23,23,23,0,300,2,1.0566666666666666,1.0566666666666666,0,0.0,0.0,1.0233333333333334,1.0233333333333334,NaN,NaN
Nberton/excercise01,18,11,10,1,4,2,2.5,2.25,1,7.0,6.0,1.25,1.25,2.0,2.0
tjuzcguo/G-learning-of-TJU,788,786,582,92,251,16,7.52988047808765,5.864541832669323,68,23.044117647058822,16.897058823529413,1.3784860557768925,1.2111553784860558,2.1323529411764706,1.5147058823529411
jharakaly/Republic_Systems,1138,1121,308,189,242,10,7.991735537190083,3.1404958677685952,86,19.813953488372093,6.162790697674419,1.359504132231405,1.1570247933884297,1.930232558139535,1.3604651162790697
riderShigh/API2,73,73,73,0,407,1,3.9877149877149876,3.9877149877149876,0,0.0,0.0,1.0,1.0,NaN,NaN
huangkaiw3n/soft-3002,111,111,102,5,25,4,5.88,5.72,3,34.333333333333336,33.0,1.36,1.36,3.0,3.0
jgaspard-fa/gitflow-dep-fa,283,279,72,71,10,1,49.8,17.4,7,66.57142857142857,20.285714285714285,1.0,1.0,1.0,1.0
JobRGR/WorklyES6,363,353,200,62,257,7,5.443579766536965,3.603112840466926,115,9.043478260869565,4.930434782608696,1.5680933852140078,1.2801556420233462,1.9391304347826086,1.2956521739130435
bostonrb/bostonrb,928,916,591,72,220,42,5.759090909090909,4.3954545454545455,75,13.333333333333334,9.333333333333334,2.3181818181818183,1.790909090909091,4.32,2.7733333333333334
Bandydan/pdr,297,297,106,109,2071,4,2.6030902945436987,1.4572670207629164,1122,3.257575757575758,1.142602495543672,1.5605987445678415,1.0352486721390632,1.9910873440285204,1.0213903743315509
henriquedsg89/compilador,198,197,180,12,68,4,5.470588235294118,5.205882352941177,8,18.5,16.25,1.7205882352941178,1.7205882352941178,1.625,1.625
cblage/elixir-json,362,315,159,27,60,27,11.083333333333334,7.3,23,19.782608695652176,9.91304347826087,1.6666666666666667,1.15,2.739130434782609,1.391304347826087
claudetech/official-site,116,115,115,0,50,5,5.58,5.58,0,0.0,0.0,1.72,1.72,NaN,NaN
NanodegreeStudent/make-your-own-android-app_1,146,146,146,0,146,1,1.0,1.0,0,0.0,0.0,1.0,1.0,NaN,NaN
alpaker/Fill-Column-Indicator,147,145,133,10,3,11,47.0,44.0,2,69.5,65.0,5.333333333333333,3.0,7.5,4.0
jessicapei/portfolio-aug-15,47,47,47,0,34,1,2.8529411764705883,2.8529411764705883,0,0.0,0.0,1.0,1.0,NaN,NaN
winterheart/iceland,256,256,240,8,64,2,1.609375,1.5625,3,3.0,2.0,1.0,1.0,1.0,1.0
PhilyT/nfcProject,208,208,114,50,74,5,4.783783783783784,2.7837837837837838,40,7.7,4.0,1.6081081081081081,1.2837837837837838,2.05,1.45
UnB-DAS/gepetohut,191,191,158,10,238,4,2.8361344537815127,2.3361344537815127,52,6.923076923076923,4.634615384615385,1.3445378151260505,1.3109243697478992,2.1153846153846154,1.9615384615384615
hainn8x/pybombs,227,223,72,68,210,31,2.2142857142857144,1.6142857142857143,51,5.392156862745098,2.9215686274509802,1.6142857142857143,1.3904761904761904,3.411764705882353,2.4901960784313726
shovon/generator-private-variables,5,5,5,0,5,1,2.6,2.6,0,0.0,0.0,1.0,1.0,NaN,NaN
her13197/HDT3,24,24,15,1,22,4,4.090909090909091,3.5,10,6.4,5.1,1.9545454545454546,1.9090909090909092,2.6,2.5
adamfranco/harmoni,2207,2117,2036,15,991,20,8.462159434914229,8.302724520686176,35,38.02857142857143,33.51428571428571,2.032290615539859,2.029263370332997,2.8285714285714287,2.742857142857143
mrkanag/heat_monasca,16,16,10,8,11,1,2.272727272727273,1.6363636363636365,5,3.8,2.4,1.0,1.0,1.0,1.0
jennguam/travelmap,9,9,7,1,3,1,4.0,4.0,0,0.0,0.0,1.0,1.0,NaN,NaN
atom1262/reading-list,15,15,15,0,89,1,1.404494382022472,1.404494382022472,0,0.0,0.0,1.0,1.0,NaN,NaN
nagchi/smartthings,8,8,8,0,3,2,2.6666666666666665,2.6666666666666665,0,0.0,0.0,1.0,1.0,NaN,NaN
sumarsky/OPEN,707,707,127,219,233,23,6.1072961373390555,1.463519313304721,123,10.544715447154472,1.7479674796747968,2.236051502145923,1.1716738197424892,3.317073170731707,1.3008130081300813
jokerdevv/Joker_Developer,305,196,87,54,35,19,6.885714285714286,3.2285714285714286,15,14.533333333333333,6.0,2.2285714285714286,1.6,3.8,2.3333333333333335
watson-developer-cloud/node-red-labs,985,985,389,190,756,32,2.812169312169312,1.3981481481481481,278,5.636690647482014,1.79136690647482,1.7989417989417988,1.1984126984126984,2.9748201438848922,1.341726618705036
jeromedecoster/mai1,10,10,6,2,3,3,1.0,1.0,0,0.0,0.0,1.0,1.0,NaN,NaN
cybercode/dockit,89,89,83,2,28,2,6.214285714285714,5.964285714285714,2,35.0,31.5,1.3214285714285714,1.3214285714285714,2.0,2.0
TeXitoi/pitch-day-apihm,34,34,28,3,24,3,2.2083333333333335,1.9583333333333333,1,30.0,24.0,1.0833333333333333,1.0416666666666667,3.0,2.0
dalekjs/dalekjs.com,599,598,467,34,280,17,3.642857142857143,3.192857142857143,28,22.285714285714285,17.785714285714285,1.1571428571428573,1.1,2.1785714285714284,1.6071428571428572
lge88/knn-bf-multi-thread,12,12,12,0,10,2,3.1,3.1,0,0.0,0.0,1.6,1.6,NaN,NaN
halfbakedbits/AutoMapper.EF6.Extended,9,9,9,0,40,1,1.575,1.575,0,0.0,0.0,1.0,1.0,NaN,NaN
arizonat/CIS565-FinalProject,72,72,50,5,310,1,1.3451612903225807,1.2741935483870968,2,14.5,3.5,1.0,1.0,1.0,1.0
lovelandnoah/toDo,6,6,6,0,79,1,1.2278481012658229,1.2278481012658229,0,0.0,0.0,1.0,1.0,NaN,NaN
Milt0n/WHOVisualization,33,33,33,0,61,1,1.7704918032786885,1.7704918032786885,0,0.0,0.0,1.0,1.0,NaN,NaN
abjectio/wp-labora-py,53,53,52,1,11,2,6.2727272727272725,6.2727272727272725,0,0.0,0.0,1.0909090909090908,1.0909090909090908,NaN,NaN
citmp2015/flink-visual-programming,558,552,87,156,217,17,5.138248847926267,2.0046082949308754,81,10.37037037037037,1.9753086419753085,1.8894009216589862,1.2580645161290323,2.8271604938271606,1.1358024691358024
mozillazg/python-pinyin,506,503,175,103,85,11,9.91764705882353,3.4941176470588236,46,17.391304347826086,5.521739130434782,1.7647058823529411,1.2823529411764707,2.4130434782608696,1.5217391304347827
nafSadh/bnXlit,19,19,19,0,7,1,4.571428571428571,4.571428571428571,0,0.0,0.0,1.0,1.0,NaN,NaN
rishabh-tripathi/SnakeWar-j2me-game,3,3,3,0,162,1,1.0,1.0,0,0.0,0.0,1.0,1.0,NaN,NaN
DanielBonnery/SweaveLst,38,38,36,2,41,2,2.0,1.975609756097561,1,2.0,1.0,1.024390243902439,1.024390243902439,1.0,1.0
EnsemblGenomes/eg-web-vectorbase,458,431,375,32,471,10,2.8067940552016983,2.6220806794055203,42,15.69047619047619,13.619047619047619,1.1592356687898089,1.0743099787685775,2.4047619047619047,1.4523809523809523
gmoomau/rekrvn,241,241,173,20,36,6,7.888888888888889,6.277777777777778,8,19.25,12.0,1.6111111111111112,1.5,2.375,1.875
ivan-korobkov/pdef,702,702,698,1,107,1,6.214953271028038,6.205607476635514,1,106.0,105.0,1.0,1.0,1.0,1.0
EdBuild/Maps,17,16,16,0,5820,4,1.0053264604810996,1.0053264604810996,0,0.0,0.0,1.0005154639175258,1.0005154639175258,NaN,NaN
geekplux/Icons-Redesign,14,13,13,0,23,1,1.391304347826087,1.391304347826087,0,0.0,0.0,1.0,1.0,NaN,NaN
